G_loss  G_D_loss  G_l1_loss
5.381329 0.471353 0.009820
4.665669 0.761777 0.007808
6.220189 2.178221 0.008084
5.368852 0.798184 0.009141
4.625138 0.507488 0.008235
5.193794 0.712304 0.008963
4.406178 0.942139 0.006928
4.240651 0.748524 0.006984
4.509220 0.436822 0.008145
4.632634 0.870078 0.007525
4.616716 0.607793 0.008018
3.886668 0.451757 0.006870
4.446513 0.451409 0.007990
5.626210 0.470702 0.010311
5.045047 0.466216 0.009158
3.971427 0.784797 0.006373
3.978029 0.525914 0.006904
4.100882 0.501330 0.007199
3.588487 0.457519 0.006262
4.322406 0.439358 0.007766
