G_loss  G_D_loss  G_l1_loss
5.072524 0.448193 0.009249
4.759507 0.263704 0.008992
5.097596 0.282488 0.009630
4.722676 0.297057 0.008851
4.161651 0.290598 0.007742
4.419087 0.272660 0.008293
4.324494 0.335250 0.007978
4.144221 0.215675 0.007857
4.096332 0.398024 0.007397
4.275642 0.451978 0.007647
4.281879 0.531181 0.007501
4.808701 0.899885 0.007818
4.269439 0.357497 0.007824
3.978660 0.449617 0.007058
4.617387 0.721831 0.007791
4.264518 0.595283 0.007338
4.976049 1.202443 0.007547
4.472088 0.475814 0.007993
4.549286 0.798682 0.007501
4.254902 0.398536 0.007713
