G_loss  G_D_loss  G_l1_loss
4.813580 3.696948 0.011166
1.522525 0.503738 0.010188
1.913567 0.618856 0.012947
1.659038 0.441549 0.012175
1.507032 0.328534 0.011785
1.509228 0.302899 0.012063
1.488419 0.296728 0.011917
1.734487 0.354620 0.013799
1.592386 0.428386 0.011640
1.249468 0.227943 0.010215
1.362751 0.274484 0.010883
1.330768 0.199942 0.011308
1.257173 0.302895 0.009543
1.227173 0.338113 0.008891
1.095139 0.260578 0.008346
1.328165 0.343307 0.009849
1.413930 0.144069 0.012699
1.126415 0.260859 0.008656
1.516181 0.428226 0.010880
1.359522 0.355963 0.010036
