G_loss  G_D_loss  G_l1_loss
77.493530 72.326675 0.010334
6.514597 1.771392 0.009486
4.703932 0.250093 0.008908
4.524764 0.261001 0.008528
4.630805 0.256820 0.008748
4.471944 0.382201 0.008179
5.214694 0.358186 0.009713
5.464794 0.382031 0.010166
4.824680 0.442981 0.008763
5.647005 0.616184 0.010062
5.866411 1.000329 0.009732
6.628738 1.975195 0.009307
7.601639 3.225850 0.008752
6.269380 2.023551 0.008492
4.695310 0.759099 0.007872
5.160129 0.506003 0.009308
5.005032 0.507363 0.008995
5.101872 0.728021 0.008748
6.538066 2.583258 0.007910
7.064568 2.031443 0.010066
5.060068 0.900903 0.008318
4.785237 0.595428 0.008380
5.226446 0.662119 0.009129
5.066106 1.175517 0.007781
5.848110 0.562736 0.010571
4.419196 0.669149 0.007500
6.324265 1.642214 0.009364
9.150215 5.263769 0.007773
6.631772 1.869801 0.009524
5.083519 1.014819 0.008137
4.730278 0.406443 0.008648
4.665733 0.435570 0.008460
4.688920 0.477248 0.008423
5.434470 0.682304 0.009504
5.277056 0.822977 0.008908
5.971816 1.565086 0.008813
5.046391 0.814507 0.008464
5.509979 0.606672 0.009807
5.135845 0.844272 0.008583
5.607732 0.793185 0.009629
5.012744 1.207976 0.007610
4.877436 0.968240 0.007818
5.241743 1.291939 0.007900
4.792340 0.809243 0.007966
5.182078 0.813528 0.008737
4.467571 0.710477 0.007514
6.100747 1.432116 0.009337
4.931188 0.969004 0.007924
5.139839 0.582110 0.009115
4.270510 0.465739 0.007610
4.301687 0.486557 0.007630
4.907492 1.147483 0.007520
6.032191 1.311326 0.009442
5.560425 1.836303 0.007448
4.414491 0.641129 0.007547
4.069409 0.492063 0.007155
4.290499 0.446571 0.007688
4.433107 0.509946 0.007846
4.627546 0.508390 0.008238
4.794045 0.687886 0.008212
4.571940 0.895303 0.007353
4.605363 0.699141 0.007812
4.693347 0.751022 0.007885
4.906946 0.833985 0.008146
4.918107 0.892080 0.008052
4.685003 0.619148 0.008132
4.780320 0.487832 0.008585
5.054304 0.511096 0.009086
4.736268 0.663282 0.008146
4.169058 0.625775 0.007087
4.477256 0.672471 0.007610
4.265869 0.589374 0.007353
4.964761 0.498455 0.008933
4.723626 0.538163 0.008371
3.937213 0.492494 0.006889
4.683810 0.757998 0.007852
4.489833 0.824879 0.007330
4.518966 0.713698 0.007611
4.171288 0.535083 0.007272
4.140201 0.532679 0.007215
4.197593 0.462537 0.007470
4.231726 0.515727 0.007432
4.819781 0.513500 0.008613
4.413132 0.658647 0.007509
4.259241 0.773127 0.006972
4.123507 0.621733 0.007004
4.387768 0.522082 0.007731
3.957872 0.431661 0.007052
4.402057 0.490275 0.007824
3.959060 0.618116 0.006682
4.205706 0.722215 0.006967
4.149394 0.533310 0.007232
3.923118 0.451920 0.006942
4.048620 0.416372 0.007264
4.604491 1.013582 0.007182
4.265782 0.766551 0.006998
4.214829 0.525919 0.007378
4.071439 0.447018 0.007249
4.194750 0.388483 0.007613
4.469561 0.399993 0.008139
4.155832 0.438416 0.007435
4.144292 0.409054 0.007470
3.804084 0.423018 0.006762
4.252933 0.580711 0.007344
4.391841 0.525784 0.007732
4.116516 0.760336 0.006712
4.396575 0.472243 0.007849
4.503618 0.449095 0.008109
4.131413 0.444795 0.007373
4.291036 0.470977 0.007640
3.964841 0.487139 0.006955
4.474100 0.472401 0.008003
3.795488 0.419928 0.006751
4.275374 0.544078 0.007463
4.042340 0.650459 0.006784
3.759957 0.462753 0.006594
4.635063 0.408316 0.008453
4.487657 0.535831 0.007904
3.830644 0.482000 0.006697
3.962093 0.449752 0.007025
4.100815 0.402682 0.007396
4.289512 0.432435 0.007714
3.647403 0.426517 0.006442
4.034078 0.457613 0.007153
4.113831 0.402631 0.007422
4.068585 0.443145 0.007251
4.186720 0.646157 0.007081
3.799718 0.564453 0.006471
4.063184 0.407856 0.007311
3.733781 0.462357 0.006543
3.563194 0.455629 0.006215
4.062567 0.533180 0.007059
4.313011 0.620571 0.007385
4.524182 0.793181 0.007462
4.186027 0.601774 0.007169
4.275085 0.551045 0.007448
3.959037 0.546131 0.006826
3.650844 0.374660 0.006552
4.546141 0.499056 0.008094
4.058719 0.443893 0.007230
4.104381 0.522949 0.007163
4.355743 0.788153 0.007135
4.061572 0.678117 0.006767
4.029614 0.552278 0.006955
4.202051 0.850483 0.006703
4.147187 0.745731 0.006803
4.161621 0.609696 0.007104
4.232224 0.634927 0.007195
4.219497 0.432278 0.007574
3.813886 0.481362 0.006665
4.201341 0.554127 0.007294
4.152799 0.557884 0.007190
3.829138 0.539516 0.006579
4.539083 0.560172 0.007958
4.476965 0.513499 0.007927
3.932634 0.519161 0.006827
4.243769 0.653696 0.007180
4.737216 0.661105 0.008152
4.482117 0.575819 0.007813
4.512753 0.729315 0.007567
4.105551 0.422387 0.007366
4.170253 0.645140 0.007050
4.347054 0.592440 0.007509
4.362309 0.608712 0.007507
4.898714 0.681436 0.008435
3.854619 0.476853 0.006756
4.381723 0.670201 0.007423
3.782097 0.497232 0.006570
4.029543 0.537637 0.006984
4.253141 0.498050 0.007510
3.837018 0.525699 0.006623
4.271784 0.567992 0.007408
4.492210 0.545570 0.007893
4.629078 0.745719 0.007767
3.854472 0.243004 0.007223
4.174547 0.640175 0.007069
4.060194 0.652664 0.006815
4.512456 0.619115 0.007787
4.050042 0.713766 0.006673
4.315007 0.503350 0.007623
3.843478 0.604840 0.006477
4.002522 0.565794 0.006873
4.521543 0.686334 0.007670
3.631638 0.643529 0.005976
4.360296 0.704388 0.007312
4.306358 0.845030 0.006923
4.663440 0.861902 0.007603
4.102836 0.709183 0.006787
4.115316 0.700766 0.006829
4.211877 0.827468 0.006769
3.740596 0.595109 0.006291
3.825382 0.656650 0.006337
4.388327 0.554217 0.007668
4.543466 0.593069 0.007901
4.435428 0.727970 0.007415
4.199105 0.695902 0.007006
3.891789 0.642400 0.006499
4.324759 0.887595 0.006874
3.771589 0.786142 0.005971
3.933211 0.595874 0.006675
3.917135 0.721902 0.006390
4.492134 0.708183 0.007568
4.201207 0.716953 0.006969
4.488612 0.800946 0.007375
4.194914 0.798184 0.006793
4.175756 0.699714 0.006952
3.990839 0.633212 0.006715
3.577521 0.498893 0.006157
4.226432 0.722696 0.007007
4.081862 0.759005 0.006646
3.941296 0.711665 0.006459
4.784116 0.817483 0.007933
4.286115 0.978269 0.006616
4.235227 0.916662 0.006637
4.047834 0.700824 0.006694
4.658947 0.835674 0.007647
4.021079 0.691598 0.006659
4.136203 0.710862 0.006851
4.083961 0.762589 0.006643
4.844438 0.941850 0.007805
4.084240 0.747516 0.006673
4.172050 0.803391 0.006737
4.236101 0.748653 0.006975
4.433712 0.717700 0.007432
4.757180 0.950337 0.007614
4.250295 0.774971 0.006951
4.826596 1.062880 0.007527
4.240007 0.760067 0.006960
5.037452 0.621747 0.008831
4.262690 0.715795 0.007094
4.634570 0.952867 0.007363
4.790796 0.826990 0.007928
3.784492 0.685136 0.006199
4.205933 0.830888 0.006750
4.209036 0.812751 0.006793
4.330809 0.822790 0.007016
4.368339 0.899095 0.006938
4.445417 0.811359 0.007268
4.552080 1.020298 0.007064
4.673354 0.698970 0.007949
4.304834 0.849118 0.006911
4.705413 0.730510 0.007950
4.223458 0.896450 0.006654
4.920260 0.933505 0.007974
4.745527 0.892244 0.007707
4.730520 1.026394 0.007408
4.275442 0.845448 0.006860
4.487344 0.817555 0.007340
4.326792 1.131705 0.006390
4.307320 0.768727 0.007077
4.345694 0.912548 0.006866
4.119767 0.748543 0.006742
3.962053 0.795541 0.006333
4.088183 0.763207 0.006650
4.518010 0.685101 0.007666
4.136236 0.810172 0.006652
5.465397 1.025338 0.008880
4.336093 0.806147 0.007060
4.223391 0.861694 0.006723
5.219544 0.945094 0.008549
3.927700 0.854520 0.006146
3.926214 0.731598 0.006389
4.016495 0.703757 0.006625
3.988928 0.814926 0.006348
4.020405 0.896363 0.006248
3.782389 0.999477 0.005566
3.945901 0.889357 0.006113
4.524650 0.912785 0.007224
4.039738 0.843379 0.006393
4.369049 0.861256 0.007016
3.965533 0.827910 0.006275
4.351980 0.936544 0.006831
4.264132 0.903742 0.006721
4.118032 0.852912 0.006530
4.847773 0.924195 0.007847
4.361981 0.860313 0.007003
4.734558 0.944450 0.007580
4.153962 0.758494 0.006791
4.816584 0.890459 0.007852
4.358675 0.655487 0.007406
4.425402 0.978257 0.006894
4.609012 1.053450 0.007111
4.639722 0.792303 0.007695
3.759838 0.854547 0.005811
4.535721 0.782582 0.007506
4.083138 0.688305 0.006790
4.614535 0.906964 0.007415
4.725422 1.108967 0.007233
4.387056 0.815033 0.007144
4.504809 0.877006 0.007256
4.112506 0.886619 0.006452
4.487594 1.047001 0.006881
3.592431 0.779303 0.005626
4.059469 0.859808 0.006399
3.864594 0.995200 0.005739
4.804734 0.826126 0.007957
4.291366 0.868548 0.006846
4.349472 0.922774 0.006853
4.591745 1.045586 0.007092
4.344455 0.817166 0.007055
4.882920 0.891627 0.007983
4.712976 1.062276 0.007301
4.284041 0.888687 0.006791
4.489266 0.837211 0.007304
4.383102 0.922284 0.006922
4.773118 0.869263 0.007808
4.172398 0.864171 0.006616
3.916046 0.956603 0.005919
4.436827 0.851464 0.007171
4.368865 0.807047 0.007124
4.145636 0.766034 0.006759
3.745939 0.968991 0.005554
4.157138 1.007540 0.006299
4.374053 1.149965 0.006448
4.561697 0.975173 0.007173
4.524558 0.932511 0.007184
4.677094 0.861297 0.007632
4.591711 1.079871 0.007024
4.596654 0.897215 0.007399
4.553865 0.964954 0.007178
4.302382 0.797385 0.007010
4.389967 0.945190 0.006890
4.560507 0.960777 0.007199
4.004418 0.948618 0.006112
4.151553 0.637901 0.007027
3.722152 0.616199 0.006212
4.146525 0.802154 0.006689
4.394271 0.743598 0.007301
3.619167 0.636927 0.005964
3.978747 0.914204 0.006129
4.083467 0.958475 0.006250
3.755309 0.913818 0.005683
4.185618 0.942831 0.006486
4.357448 0.891441 0.006932
4.558380 0.898201 0.007320
4.301326 0.944818 0.006713
3.901308 0.923856 0.005955
4.987741 1.364475 0.007247
4.375186 0.900968 0.006948
3.977650 0.816430 0.006322
4.196583 0.990729 0.006412
4.334027 0.895762 0.006877
4.233450 0.920507 0.006626
4.525970 0.892966 0.007266
4.177188 0.776209 0.006802
4.077694 0.680128 0.006795
4.438558 1.129816 0.006617
5.261388 1.078006 0.008367
4.012917 0.998995 0.006028
4.227748 0.892835 0.006670
4.261434 0.962222 0.006598
3.815144 0.826886 0.005977
3.707787 1.076785 0.005262
4.492899 0.960147 0.007066
4.589865 1.128894 0.006922
3.862816 1.031766 0.005662
3.978714 1.004429 0.005949
4.631517 0.787190 0.007689
4.200779 0.678525 0.007045
4.600718 1.036866 0.007128
4.407419 1.109637 0.006596
3.898251 0.870251 0.006056
3.670269 0.807748 0.005725
3.571189 0.917502 0.005307
4.017040 0.984349 0.006065
4.085850 0.969907 0.006232
3.858746 0.935761 0.005846
4.792962 1.145208 0.007296
4.239197 0.950708 0.006577
4.844409 0.822881 0.008043
4.074595 0.800596 0.006548
4.100181 0.912871 0.006375
4.300639 1.100753 0.006400
4.498836 1.028536 0.006941
4.638831 0.930683 0.007416
3.849713 0.738435 0.006223
3.801628 1.093042 0.005417
3.776906 0.558910 0.006436
4.238668 0.918720 0.006640
3.975418 0.808593 0.006334
4.438834 0.962818 0.006952
4.493716 0.897050 0.007193
4.130695 0.778610 0.006704
4.219598 0.921684 0.006596
3.858153 0.954651 0.005807
4.706762 1.003640 0.007406
4.123875 0.855945 0.006536
3.966094 0.801854 0.006328
3.885304 0.687043 0.006397
4.268474 1.017962 0.006501
3.900319 1.031512 0.005738
4.315742 0.941048 0.006749
3.988585 0.850732 0.006276
4.019365 0.855608 0.006328
4.321882 1.016309 0.006611
4.717468 0.890168 0.007655
3.826513 0.928672 0.005796
4.066069 0.846417 0.006439
4.703422 1.039134 0.007329
4.357456 1.000406 0.006714
