G_loss  G_D_loss  G_l1_loss
46.087704 41.174065 0.009827
7.430729 2.386807 0.010088
6.567356 1.764301 0.009606
5.215519 0.814446 0.008802
7.806016 2.427333 0.010757
6.798270 2.273103 0.009050
10.938440 5.358096 0.011161
7.684464 2.885579 0.009598
6.918050 1.648816 0.010538
6.232943 0.752517 0.010961
5.869106 1.234283 0.009270
6.065762 0.920487 0.010291
5.436531 1.025604 0.008822
5.670196 0.776000 0.009788
5.956445 0.553199 0.010806
5.163975 0.960956 0.008406
5.816434 1.293763 0.009045
4.470479 0.433166 0.008075
4.922829 0.436041 0.008974
4.323616 0.509156 0.007629
5.064394 0.461082 0.009207
4.256670 0.462870 0.007588
4.551152 0.336490 0.008429
6.128946 0.501257 0.011255
4.486717 0.541005 0.007891
5.387271 0.694502 0.009386
5.463129 0.669476 0.009587
4.679101 0.501937 0.008354
5.692574 0.729218 0.009927
5.288706 0.340886 0.009896
4.952794 0.488350 0.008929
4.373096 0.486621 0.007773
5.611916 0.448754 0.010326
4.772085 0.439153 0.008666
5.698811 0.612519 0.010173
4.968649 0.384299 0.009169
3.540772 0.217407 0.006647
5.290542 0.266632 0.010048
4.165863 0.281573 0.007769
4.574462 0.352989 0.008443
4.796489 0.313678 0.008966
4.900090 0.226208 0.009348
4.503073 0.355452 0.008295
5.465391 0.449530 0.010032
4.299938 0.502185 0.007596
4.370175 0.381293 0.007978
4.767163 0.289622 0.008955
5.800324 0.436650 0.010727
4.795980 0.382188 0.008828
5.751620 0.217069 0.011069
5.823041 0.183779 0.011279
4.526547 0.304882 0.008443
4.175683 0.228576 0.007894
5.262080 0.315341 0.009893
4.604267 0.266746 0.008675
6.003893 0.371853 0.011264
3.922142 0.339179 0.007166
4.678720 0.268600 0.008820
5.275619 0.283104 0.009985
4.958332 0.253813 0.009409
4.422609 0.262891 0.008319
4.016375 0.226470 0.007580
4.166572 0.256874 0.007819
3.569835 0.199317 0.006741
4.508964 0.203337 0.008611
4.451692 0.239196 0.008425
4.423279 0.208537 0.008429
3.691221 0.214098 0.006954
3.679468 0.313279 0.006732
5.638245 0.333732 0.010609
4.642553 0.300666 0.008684
4.941903 0.279912 0.009324
3.698824 0.250268 0.006897
3.999000 0.295735 0.007407
4.545422 0.360892 0.008369
4.730270 0.185661 0.009089
3.733565 0.197672 0.007072
4.167269 0.277153 0.007780
4.371931 0.180997 0.008382
4.218330 0.268432 0.007900
4.158459 0.317911 0.007681
3.658815 0.300198 0.006717
4.804161 0.224611 0.009159
4.004687 0.316546 0.007376
4.432605 0.265799 0.008334
4.301505 0.294737 0.008014
4.781997 0.337997 0.008888
4.167948 0.120702 0.008094
4.767237 0.221521 0.009091
3.973093 0.282490 0.007381
4.066819 0.320461 0.007493
4.170873 0.347760 0.007646
4.790649 0.288619 0.009004
4.080730 0.169655 0.007822
4.354411 0.268714 0.008171
4.508262 0.253197 0.008510
4.067370 0.342131 0.007450
4.283349 0.302476 0.007962
5.396698 0.354440 0.010085
3.908284 0.344052 0.007128
4.574265 0.210747 0.008727
4.239048 0.251614 0.007975
4.210084 0.154664 0.008111
3.905967 0.332373 0.007147
4.146767 0.334159 0.007625
4.349410 0.216533 0.008266
4.011816 0.314876 0.007394
4.047105 0.501351 0.007092
3.786588 0.254188 0.007065
4.386456 0.256253 0.008260
4.440424 0.169450 0.008542
3.629631 0.258043 0.006743
4.320993 0.232148 0.008178
4.354299 0.229977 0.008249
3.038121 0.276612 0.005523
4.244743 0.349246 0.007791
3.791438 0.296087 0.006991
3.195947 0.243834 0.005904
4.363401 0.203001 0.008321
3.903227 0.156972 0.007493
4.284319 0.286342 0.007996
4.139965 0.440196 0.007400
4.048508 0.355039 0.007387
4.121247 0.183967 0.007875
3.854762 0.360072 0.006989
4.147752 0.338805 0.007618
3.473414 0.234943 0.006477
3.637417 0.236690 0.006801
4.709034 0.252653 0.008913
3.332450 0.226252 0.006212
4.307819 0.339490 0.007937
3.627325 0.342802 0.006569
3.749038 0.222453 0.007053
4.697260 0.228437 0.008938
3.966845 0.231914 0.007470
4.814383 0.318895 0.008991
4.404842 0.284638 0.008240
4.045124 0.281383 0.007527
3.899970 0.163440 0.007473
3.997197 0.328609 0.007337
3.812333 0.206332 0.007212
3.553480 0.281982 0.006543
4.185711 0.296645 0.007778
4.379363 0.331160 0.008096
3.372466 0.198657 0.006348
3.551633 0.337964 0.006427
3.340752 0.223620 0.006234
4.849796 0.254175 0.009191
3.584755 0.291667 0.006586
4.234196 0.336490 0.007795
4.265278 0.198600 0.008133
3.464827 0.249225 0.006431
4.303180 0.257146 0.008092
3.978645 0.266944 0.007423
3.386334 0.294979 0.006183
3.866026 0.162792 0.007406
3.506537 0.239346 0.006534
3.746009 0.357126 0.006778
4.292598 0.294307 0.007997
3.549332 0.270655 0.006557
