G_loss  G_D_loss  G_l1_loss
53.867893 49.107594 0.009521
5.653023 0.690421 0.009925
5.713355 0.276113 0.010874
5.705434 0.036964 0.011337
5.637954 0.065849 0.011144
5.276760 0.121386 0.010311
5.453227 0.153237 0.010600
5.294996 0.268162 0.010054
5.439486 0.327052 0.010225
5.376156 0.469769 0.009813
5.770405 0.805851 0.009929
5.459749 0.619287 0.009681
5.829730 0.577002 0.010505
5.981614 0.526508 0.010910
5.872574 0.730820 0.010284
5.974824 0.551537 0.010847
5.709185 0.629092 0.010160
5.874871 0.781929 0.010186
5.407459 0.731425 0.009352
5.197111 0.609907 0.009174
5.673024 0.527492 0.010291
5.569302 0.532647 0.010073
5.411666 0.564563 0.009694
5.924929 0.583820 0.010682
5.610600 0.953096 0.009315
6.328961 1.210462 0.010237
5.805912 0.842181 0.009927
5.109718 0.611146 0.008997
5.515281 0.498580 0.010033
5.519470 0.614604 0.009810
5.647819 0.889959 0.009516
5.716972 1.009095 0.009416
5.531087 0.689928 0.009682
4.963006 0.497189 0.008932
5.606035 0.772465 0.009667
5.008620 0.511185 0.008995
5.253201 0.490747 0.009525
5.032187 0.447486 0.009169
4.984428 0.492925 0.008983
4.684977 0.673198 0.008024
5.494613 0.935763 0.009118
5.047025 0.880156 0.008334
4.856722 0.429491 0.008854
5.253377 0.444338 0.009618
4.999180 0.391831 0.009215
4.705736 0.385613 0.008640
4.973926 0.476099 0.008996
5.579848 0.868820 0.009422
5.536411 0.954523 0.009164
4.855247 0.524783 0.008661
4.849534 0.416605 0.008866
4.840116 0.438547 0.008803
4.701986 0.388739 0.008626
4.992889 0.387133 0.009212
4.784132 0.368760 0.008831
4.810975 0.395159 0.008832
4.466481 0.425691 0.008082
4.799307 0.646281 0.008306
5.457857 1.115006 0.008686
5.030279 0.719376 0.008622
4.716274 0.399995 0.008633
4.516313 0.331964 0.008369
4.942690 0.430039 0.009025
4.619668 0.396244 0.008447
4.803139 0.526031 0.008554
5.041624 0.633171 0.008817
5.010721 0.557562 0.008906
4.737848 0.411555 0.008653
5.021198 0.359436 0.009324
4.879375 0.391768 0.008975
4.502187 0.424743 0.008155
5.043452 0.509731 0.009067
4.875353 0.535835 0.008679
4.890575 0.591490 0.008598
4.683571 0.464006 0.008439
5.104754 0.427086 0.009355
4.960261 0.373168 0.009174
4.656120 0.398654 0.008515
4.470505 0.367619 0.008206
5.068676 0.564539 0.009008
5.097382 0.726435 0.008742
4.788133 0.495280 0.008586
4.789845 0.382615 0.008814
4.944852 0.471043 0.008948
4.524125 0.435176 0.008178
4.888897 0.399600 0.008979
4.702316 0.396592 0.008611
4.479175 0.446907 0.008065
4.574221 0.463074 0.008222
4.606313 0.498760 0.008215
4.859520 0.508769 0.008702
4.748989 0.419429 0.008659
4.815001 0.447361 0.008735
4.748665 0.425993 0.008645
4.467752 0.506951 0.007922
5.080980 0.536589 0.009089
4.805386 0.505095 0.008601
4.684379 0.489596 0.008390
4.700386 0.420895 0.008559
4.610557 0.469277 0.008283
4.876719 0.523324 0.008707
4.744020 0.437847 0.008612
4.661726 0.542687 0.008238
4.170846 0.142371 0.008057
4.490691 0.359953 0.008261
5.045834 0.544752 0.009002
4.167007 0.413902 0.007506
4.314650 0.353822 0.007922
4.543755 0.382064 0.008323
4.588809 0.389013 0.008400
4.937752 0.377841 0.009120
4.629373 0.399915 0.008459
4.761555 0.390449 0.008742
4.424212 0.371114 0.008106
4.693202 0.439329 0.008508
4.693611 0.384320 0.008619
4.436859 0.444297 0.007985
4.867428 0.458071 0.008819
4.927939 0.528895 0.008798
4.895453 0.592530 0.008606
4.642436 0.511046 0.008263
4.397963 0.327056 0.008142
4.691610 0.482403 0.008418
4.478930 0.478714 0.008000
4.331393 0.409798 0.007843
4.755367 0.496980 0.008517
4.712974 0.550310 0.008325
4.822524 0.450154 0.008745
5.158845 0.550062 0.009218
4.537969 0.495247 0.008085
4.523658 0.485185 0.008077
4.443587 0.468701 0.007950
4.606620 0.468976 0.008275
4.328834 0.499842 0.007658
4.785597 0.588842 0.008394
4.531814 0.699992 0.007664
4.532106 0.652149 0.007760
4.831210 0.533992 0.008594
5.027399 0.518635 0.009018
4.699068 0.527407 0.008343
4.613902 0.553378 0.008121
4.816780 0.522476 0.008589
4.477407 0.311875 0.008331
4.624201 0.516768 0.008215
4.743169 0.600081 0.008286
4.634766 0.518923 0.008232
4.629354 0.618453 0.008022
4.498949 0.527524 0.007943
4.755215 0.536315 0.008438
4.861652 0.552059 0.008619
4.787663 0.573123 0.008429
4.678349 0.586002 0.008185
4.862742 0.533859 0.008658
4.636670 0.692912 0.007888
4.584479 0.583374 0.008002
4.834487 0.558718 0.008552
4.992218 0.619521 0.008745
5.077533 0.699545 0.008756
4.187871 0.181291 0.008013
5.061826 0.783485 0.008557
4.678625 0.740326 0.007877
5.133973 0.662868 0.008942
4.740448 0.622956 0.008235
4.537267 0.613359 0.007848
4.692299 0.739255 0.007906
4.660094 0.584414 0.008151
4.816835 0.748514 0.008137
4.892070 0.896126 0.007992
4.563697 0.640273 0.007847
4.471415 0.560407 0.007822
5.194129 0.731411 0.008925
4.398926 0.576336 0.007645
4.956195 0.686870 0.008539
4.398630 0.638533 0.007520
4.938590 0.675332 0.008527
5.061228 0.744630 0.008633
4.906253 0.753629 0.008305
4.738642 0.921297 0.007635
4.929358 0.665947 0.008527
4.720208 0.731708 0.007977
4.753636 0.916858 0.007674
4.947305 0.854170 0.008186
5.090407 0.916271 0.008348
4.842825 0.665867 0.008354
4.554242 0.761720 0.007585
4.460249 0.534510 0.007851
4.851216 0.917818 0.007867
5.023990 1.135591 0.007777
5.015262 0.800001 0.008431
4.506418 0.728708 0.007555
4.662100 0.659850 0.008005
4.824420 0.877552 0.007894
4.766915 0.943845 0.007646
5.024621 0.904562 0.008240
4.690691 0.762083 0.007857
4.922775 0.756281 0.008333
5.185249 1.189275 0.007992
4.482466 0.848113 0.007269
4.860586 0.924567 0.007872
4.559535 0.636932 0.007845
4.820129 0.907038 0.007826
4.982556 0.924058 0.008117
4.819901 0.945850 0.007748
4.597799 0.800326 0.007595
4.477926 0.634769 0.007686
4.751042 0.813551 0.007875
4.809127 0.949268 0.007720
4.838552 0.765495 0.008146
4.523985 0.755198 0.007538
5.303601 0.832761 0.008942
4.652092 0.789066 0.007726
4.760151 0.893858 0.007733
4.904475 1.002046 0.007805
4.827873 0.878017 0.007900
5.069851 0.917885 0.008304
5.105967 0.897055 0.008418
4.982576 0.846721 0.008272
4.627747 0.848584 0.007558
4.594934 0.650066 0.007890
5.277836 0.971706 0.008612
4.496913 0.738505 0.007517
4.812327 0.828828 0.007967
4.868700 0.792617 0.008152
4.661230 0.778920 0.007765
4.539258 0.654679 0.007769
4.343077 0.715349 0.007255
4.412220 0.740097 0.007344
4.740534 0.972911 0.007535
4.561321 0.839381 0.007444
4.843888 0.899159 0.007889
4.903364 0.911325 0.007984
4.789213 0.902699 0.007773
4.790749 0.881416 0.007819
4.952551 0.933048 0.008039
4.701047 1.004270 0.007394
4.701622 0.939032 0.007525
4.749229 0.987259 0.007524
4.789342 0.852062 0.007875
4.740426 1.010188 0.007460
4.854985 0.867849 0.007974
4.491148 0.599838 0.007783
4.974570 0.913882 0.008121
5.024445 1.022138 0.008005
5.046597 0.915698 0.008262
4.475314 0.616330 0.007718
4.496156 0.899776 0.007193
5.069931 1.012739 0.008114
4.808099 0.901506 0.007813
4.771137 0.913997 0.007714
4.466320 0.663092 0.007606
4.663871 0.916263 0.007495
4.668293 0.908573 0.007519
4.542397 0.955605 0.007174
4.616015 1.028128 0.007176
4.660319 1.000021 0.007321
5.079226 1.001518 0.008155
4.813857 0.683679 0.008260
4.531341 1.001076 0.007061
4.801256 0.970464 0.007662
5.024918 1.010789 0.008028
4.713727 0.932864 0.007562
4.853220 0.971171 0.007764
4.855687 0.985797 0.007740
4.559399 0.961182 0.007196
4.798411 1.024393 0.007548
4.689352 1.061388 0.007256
4.554472 0.752794 0.007603
4.278959 0.868502 0.006821
4.692180 0.860858 0.007663
4.870163 0.998220 0.007744
4.924689 1.046059 0.007757
4.692208 0.935321 0.007514
4.547596 0.912512 0.007270
4.505333 0.946953 0.007117
4.454280 0.922758 0.007063
4.764378 1.021030 0.007487
4.782022 0.992120 0.007580
4.937847 0.952126 0.007971
4.684688 0.906990 0.007555
4.644660 0.967324 0.007355
4.638232 0.933138 0.007410
4.659720 0.853032 0.007613
4.753075 0.741544 0.008023
4.614509 0.946596 0.007336
4.898855 0.967813 0.007862
4.633978 0.951555 0.007365
4.707991 0.936761 0.007542
4.544966 0.996724 0.007096
4.576262 0.809771 0.007533
4.550810 0.889462 0.007323
4.468062 0.923995 0.007088
4.524643 1.008882 0.007032
4.829266 1.078168 0.007502
4.281342 0.828012 0.006907
4.591129 0.964404 0.007253
4.757920 0.930244 0.007655
5.013222 1.053886 0.007919
4.975406 0.997526 0.007956
4.227733 0.942188 0.006571
4.560354 0.904992 0.007311
4.690773 0.933096 0.007515
4.746067 0.949974 0.007592
4.592728 1.018906 0.007148
4.519640 1.000551 0.007038
4.739276 0.992235 0.007494
4.346097 0.866242 0.006960
4.918161 0.996975 0.007842
4.846166 1.089050 0.007514
4.935704 0.990458 0.007890
5.032646 0.987075 0.008091
4.575400 1.098388 0.006954
4.626083 1.063123 0.007126
4.481656 0.985438 0.006992
4.750564 1.000014 0.007501
4.555776 1.055561 0.007000
4.916453 0.983495 0.007866
4.881728 0.957179 0.007849
4.837968 1.017343 0.007641
4.637430 1.070230 0.007134
4.660408 1.023449 0.007274
4.719191 0.996337 0.007446
4.688431 0.987654 0.007402
4.811761 0.979602 0.007664
4.985891 0.999067 0.007974
4.909319 0.994955 0.007829
4.631511 0.924534 0.007414
4.532631 0.941548 0.007182
4.560993 1.044936 0.007032
5.125970 1.113107 0.008026
4.565344 0.999261 0.007132
5.196841 1.074824 0.008244
4.695604 0.971862 0.007447
4.400708 1.092394 0.006617
4.421780 0.897053 0.007049
4.880811 1.053046 0.007656
4.446424 0.993320 0.006906
4.747534 1.073959 0.007347
4.977769 0.977756 0.008000
4.766069 0.863900 0.007804
4.388031 1.111803 0.006552
4.756285 1.057606 0.007397
4.250047 0.815759 0.006869
4.709252 1.054431 0.007310
4.720448 1.050187 0.007341
4.695243 0.947730 0.007495
4.936270 0.999613 0.007873
4.866898 1.029338 0.007675
4.620244 1.006440 0.007228
4.621682 0.994680 0.007254
4.798468 1.081429 0.007434
4.673987 1.040439 0.007267
4.521233 1.023352 0.006996
4.654003 0.850045 0.007608
4.585975 0.967464 0.007237
4.584249 0.931105 0.007306
4.469315 0.891379 0.007156
4.323009 0.837771 0.006970
4.540354 1.041233 0.006998
4.346231 1.003161 0.006686
4.810567 0.933887 0.007753
4.809221 1.115968 0.007387
4.564959 1.043259 0.007043
4.653680 0.984322 0.007339
4.920827 1.120137 0.007601
4.525131 0.981428 0.007087
4.657397 0.981698 0.007351
4.568007 0.957857 0.007220
4.846782 1.029942 0.007634
4.908951 1.035062 0.007748
4.221451 0.971515 0.006500
4.265124 1.002540 0.006525
4.800729 0.992767 0.007616
4.858140 1.093739 0.007529
4.455271 1.030884 0.006849
5.035746 0.978315 0.008115
4.927349 1.094214 0.007666
4.206193 1.007183 0.006398
4.571942 0.948997 0.007246
4.735961 1.036900 0.007398
4.644327 1.007607 0.007273
4.841720 1.082172 0.007519
4.634834 1.002793 0.007264
4.401442 0.993255 0.006816
4.165343 0.991369 0.006348
4.697292 0.978828 0.007437
5.162154 0.991778 0.008341
4.814311 1.013343 0.007602
4.306862 0.984513 0.006645
4.664557 0.902385 0.007524
4.733112 0.951166 0.007564
4.505669 0.906195 0.007199
4.641909 1.023858 0.007236
4.298786 0.927988 0.006742
4.517058 1.030653 0.006973
4.428386 1.009192 0.006838
4.611819 0.978447 0.007267
4.829510 1.035666 0.007588
4.256534 0.873682 0.006766
4.529257 1.096511 0.006865
4.893466 0.977263 0.007832
4.317019 0.990846 0.006652
4.737006 1.191232 0.007092
4.405492 0.896981 0.007017
4.682097 0.975197 0.007414
4.824101 1.032228 0.007584
4.754600 1.010435 0.007488
4.519963 0.997481 0.007045
4.549754 0.982385 0.007135
4.576382 0.989504 0.007174
4.768172 1.003844 0.007529
4.517122 1.026233 0.006982
4.744961 0.957425 0.007575
4.594176 0.834055 0.007520
5.077472 1.111578 0.007932
4.427530 0.993198 0.006869
4.808334 1.048612 0.007519
4.630210 0.991602 0.007277
4.464347 0.972742 0.006983
4.660473 0.983923 0.007353
4.761996 1.038710 0.007447
4.845122 1.107899 0.007474
4.327394 1.015078 0.006625
4.329885 0.848321 0.006963
4.565077 1.033518 0.007063
4.700761 1.028330 0.007345
4.512346 1.033829 0.006957
4.790532 1.018375 0.007544
4.404473 1.016143 0.006777
4.367021 0.968051 0.006798
4.767254 1.007953 0.007519
4.555737 1.043260 0.007025
4.337171 1.045681 0.006583
4.676144 1.170819 0.007011
4.509933 0.987880 0.007044
4.069219 0.908245 0.006322
4.399408 0.933930 0.006931
4.784112 1.199602 0.007169
4.882789 1.016646 0.007732
4.824288 1.067777 0.007513
5.193265 1.040569 0.008305
4.545451 0.949794 0.007191
4.346929 0.959175 0.006776
4.500286 1.084858 0.006831
4.805926 1.183838 0.007244
4.506964 1.012041 0.006990
4.615378 0.979955 0.007271
4.501824 1.046098 0.006911
4.390536 1.040146 0.006701
4.609826 1.050580 0.007118
4.591153 1.004015 0.007174
4.716691 0.978955 0.007475
4.307838 1.026088 0.006564
4.340562 0.962339 0.006756
4.795398 1.079643 0.007432
4.387450 0.993646 0.006788
4.300217 0.930340 0.006740
4.305451 0.904293 0.006802
4.960329 0.949564 0.008022
4.480026 0.898000 0.007164
4.586195 1.042049 0.007088
4.532368 1.012998 0.007039
4.381078 1.018080 0.006726
4.316963 0.991492 0.006651
4.248964 1.041921 0.006414
4.267307 1.106517 0.006322
4.488197 1.016520 0.006943
4.342967 0.942576 0.006801
4.403833 0.974526 0.006859
4.081348 1.012099 0.006138
4.401170 0.930373 0.006942
4.487319 0.981508 0.007012
4.420903 0.913492 0.007015
4.424977 1.029547 0.006791
4.706074 1.060967 0.007290
4.776845 0.997290 0.007559
4.403581 0.983361 0.006840
4.655017 1.087680 0.007135
4.732708 1.013619 0.007438
4.380688 0.908593 0.006944
4.323833 1.193221 0.006261
4.455186 1.010722 0.006889
4.244705 1.041531 0.006406
4.065559 0.993254 0.006145
4.490839 0.950566 0.007081
4.682640 1.009816 0.007346
4.860042 0.999079 0.007722
4.368347 1.064976 0.006607
4.922488 1.172071 0.007501
4.237177 1.017419 0.006440
4.462704 0.997744 0.006930
4.525930 1.002996 0.007046
4.564878 1.010676 0.007108
5.166940 0.966836 0.008400
4.467604 0.981803 0.006972
4.314598 1.029701 0.006570
4.167923 0.828165 0.006680
4.488642 0.825666 0.007326
4.266030 0.999657 0.006533
4.308567 1.048109 0.006521
4.199643 0.898383 0.006603
4.383187 1.094630 0.006577
4.193341 0.701625 0.006983
4.475239 1.044032 0.006862
4.211121 0.954010 0.006514
4.570841 1.057701 0.007026
4.207136 0.932614 0.006549
4.317906 1.053232 0.006529
3.927052 0.865130 0.006124
4.582924 1.160542 0.006845
4.556718 1.082484 0.006948
4.409588 0.951829 0.006916
4.282557 1.034233 0.006497
4.480932 0.989634 0.006983
4.443775 0.929342 0.007029
4.106959 0.982317 0.006249
4.235900 0.954510 0.006563
4.123121 0.964816 0.006317
4.144340 0.888232 0.006512
3.574737 0.220353 0.006709
3.970378 0.966870 0.006007
4.423129 1.045592 0.006755
4.593151 0.919909 0.007346
4.201222 0.903509 0.006595
4.208439 0.956035 0.006505
4.350226 1.031157 0.006638
4.799271 1.193801 0.007211
4.785294 1.156448 0.007258
4.365720 0.989325 0.006753
4.509237 1.056616 0.006905
4.418886 1.072408 0.006693
4.346622 0.934696 0.006824
4.001743 1.035656 0.005932
4.342742 0.968033 0.006749
4.271347 0.987980 0.006567
4.809343 1.079303 0.007460
4.113914 0.988598 0.006251
4.220224 0.983706 0.006473
3.697542 0.423138 0.006549
4.709777 0.993464 0.007433
4.645257 1.109315 0.007072
4.159495 0.931537 0.006456
4.388448 1.070097 0.006637
4.620709 1.050629 0.007140
3.744872 0.611691 0.006266
4.068278 0.932200 0.006272
4.108423 0.925436 0.006366
4.422919 0.870540 0.007105
4.338744 0.962967 0.006752
4.651913 1.110991 0.007082
3.958352 0.479595 0.006958
4.291741 1.017893 0.006548
4.561308 0.971043 0.007181
3.922959 0.927367 0.005991
4.304693 1.021171 0.006567
4.539194 0.968840 0.007141
3.699562 0.549085 0.006301
4.716263 0.894208 0.007644
4.726705 1.059497 0.007334
4.098011 1.099777 0.005996
4.270283 0.948045 0.006644
4.572190 1.031645 0.007081
4.744236 1.001695 0.007485
4.567537 1.019795 0.007095
4.376467 0.936561 0.006880
4.156634 1.014913 0.006283
4.537734 1.026930 0.007022
4.490082 1.010666 0.006959
4.447235 0.967137 0.006960
4.200174 0.966777 0.006467
4.029845 1.059698 0.005940
4.306751 1.075105 0.006463
4.374218 0.858902 0.007031
4.304228 0.978692 0.006651
4.315250 1.017827 0.006595
4.420052 1.001334 0.006837
4.451719 0.849865 0.007204
4.127011 0.558861 0.007136
3.894147 0.656947 0.006474
4.043582 0.920574 0.006246
4.259070 1.112495 0.006293
3.850959 0.728105 0.006246
4.303540 0.937219 0.006733
4.254322 1.014388 0.006480
4.270088 0.981991 0.006576
4.170701 1.004785 0.006332
4.465322 1.064907 0.006801
4.608157 1.053162 0.007110
4.330377 1.031772 0.006597
4.413004 1.005117 0.006816
4.189755 0.840943 0.006698
4.576708 0.995438 0.007163
4.169084 1.006731 0.006325
4.206320 0.997350 0.006418
4.213828 1.093411 0.006241
4.501134 1.005253 0.006992
4.092057 0.714715 0.006755
4.005119 0.999719 0.006011
4.213716 0.948221 0.006531
4.483534 0.975342 0.007016
4.269246 0.998992 0.006541
4.562770 0.974074 0.007177
4.522239 1.026818 0.006991
4.624690 1.287836 0.006674
4.273180 0.987432 0.006571
3.758615 0.592024 0.006333
4.487986 1.045163 0.006886
4.415870 0.990319 0.006851
4.336659 0.994440 0.006684
4.140636 0.982819 0.006316
4.235140 1.024671 0.006421
4.312621 0.977653 0.006670
4.317995 0.998640 0.006639
4.860160 1.175756 0.007369
3.791483 0.698029 0.006187
4.096805 1.151757 0.005890
4.284054 1.128009 0.006312
4.278226 1.109908 0.006337
4.340218 1.076845 0.006527
4.082596 1.048564 0.006068
4.417725 0.996334 0.006843
4.075804 1.003093 0.006145
4.501904 1.005716 0.006992
4.095372 1.030786 0.006129
4.028792 0.980634 0.006096
4.575004 1.029678 0.007091
4.204538 0.986619 0.006436
4.320267 0.991614 0.006657
4.364084 1.070764 0.006587
4.522901 0.982995 0.007080
4.281991 0.917773 0.006728
4.359645 0.987359 0.006745
4.183408 0.986428 0.006394
4.266244 0.975356 0.006582
4.161599 0.713781 0.006896
4.287126 1.011156 0.006552
4.204025 0.930036 0.006548
4.238728 1.019117 0.006439
4.088447 1.004284 0.006168
4.257086 0.990104 0.006534
4.450058 0.995004 0.006910
4.251618 0.987186 0.006529
4.240469 1.012228 0.006456
4.238052 0.976921 0.006522
4.455067 1.019874 0.006870
4.312587 0.940600 0.006744
4.305459 0.963733 0.006683
4.163589 1.038842 0.006249
4.176208 0.929686 0.006493
4.199775 0.965172 0.006469
4.359551 1.163236 0.006393
4.207812 1.088436 0.006239
4.154590 0.988779 0.006332
4.604047 1.063906 0.007080
4.055867 0.929064 0.006254
4.109969 0.992446 0.006235
4.253459 0.937365 0.006632
4.225579 1.003658 0.006444
4.078097 1.063480 0.006029
3.879121 0.942605 0.005873
4.303085 0.995329 0.006616
4.180280 0.996272 0.006368
4.413787 1.046684 0.006734
4.312791 1.008840 0.006608
4.288341 0.987503 0.006602
4.253738 1.000387 0.006507
4.268085 1.097869 0.006340
4.140347 1.026098 0.006228
4.225808 1.049518 0.006353
4.196094 1.085883 0.006220
4.170798 1.009015 0.006324
4.174623 1.025999 0.006297
4.187232 1.017512 0.006339
4.134284 1.015110 0.006238
4.232862 1.175088 0.006116
4.288400 1.005622 0.006566
4.507994 1.134350 0.006747
4.311390 0.999306 0.006624
4.173889 0.986581 0.006375
4.054083 1.052695 0.006003
4.318923 1.023860 0.006590
4.034545 1.007428 0.006054
4.243918 1.030430 0.006427
3.997726 1.021077 0.005953
4.119288 1.115372 0.006008
4.031872 0.997855 0.006068
4.521274 1.069802 0.006903
4.080491 0.878296 0.006404
4.169013 0.949948 0.006438
4.466066 0.964660 0.007003
4.271010 0.919150 0.006704
4.452207 1.004387 0.006896
4.107885 1.006810 0.006202
4.190572 1.008062 0.006365
4.052023 1.008778 0.006086
4.055625 1.005925 0.006099
4.028010 0.997246 0.006062
4.339935 1.035801 0.006608
4.147893 0.893610 0.006509
4.131947 1.064931 0.006134
3.653829 0.265335 0.006777
4.584710 1.326191 0.006517
4.118470 1.010353 0.006216
4.272535 1.022457 0.006500
4.515017 1.152882 0.006724
4.340604 1.025201 0.006631
4.006698 0.923891 0.006166
4.370704 1.077790 0.006586
4.108086 0.949215 0.006318
4.224762 1.032941 0.006384
4.308066 1.108801 0.006399
4.129043 0.966411 0.006325
4.192069 0.963622 0.006457
4.251895 1.112687 0.006278
4.244385 1.021220 0.006446
3.998836 1.032203 0.005933
3.967146 1.013861 0.005907
4.332391 1.063369 0.006538
4.046615 1.002276 0.006089
4.477287 1.089615 0.006775
4.207121 1.041578 0.006331
4.505573 1.075992 0.006859
4.580558 1.002141 0.007157
4.276271 1.104424 0.006344
4.355441 1.009201 0.006692
4.106372 0.993355 0.006226
4.210736 1.024970 0.006372
4.498766 0.990128 0.007017
4.291783 0.965620 0.006652
4.249492 0.987042 0.006525
4.424333 1.085262 0.006678
4.396500 1.148390 0.006496
3.810165 1.005615 0.005609
4.285595 1.014223 0.006543
4.072292 1.026757 0.006091
4.343192 1.097789 0.006491
4.118370 1.019630 0.006197
4.109717 0.989415 0.006241
4.427594 1.032792 0.006790
3.748498 0.782158 0.005933
4.118072 1.005135 0.006226
4.377540 1.014044 0.006727
3.982080 1.062029 0.005840
4.164137 0.986717 0.006355
4.099198 0.990603 0.006217
3.930920 1.009200 0.005843
4.056618 1.004541 0.006104
3.985343 1.036276 0.005898
4.111807 1.017243 0.006189
3.972745 0.939959 0.006066
4.292871 0.983422 0.006619
4.208227 1.002167 0.006412
4.462096 0.951669 0.007021
3.794048 0.820555 0.005947
4.323361 0.971846 0.006703
4.100669 1.022646 0.006156
4.169345 1.022851 0.006293
4.155581 1.032744 0.006246
4.136970 1.064504 0.006145
3.946586 1.030208 0.005833
4.009263 1.018288 0.005982
4.454569 0.995618 0.006918
4.273518 1.022518 0.006502
4.419337 1.013340 0.006812
4.436650 1.085491 0.006702
4.173627 1.021118 0.006305
4.198746 1.005093 0.006387
4.593259 1.038585 0.007109
4.134179 0.974188 0.006320
4.047588 1.031261 0.006033
4.078613 0.985122 0.006187
4.060841 1.029500 0.006063
3.825959 1.038008 0.005576
4.334887 0.991741 0.006686
3.883054 0.670269 0.006426
3.759487 0.993525 0.005532
4.111870 0.989325 0.006245
4.217467 0.936902 0.006561
4.264460 1.038747 0.006451
3.985904 0.944762 0.006082
4.009000 0.994564 0.006029
4.120439 0.990501 0.006260
4.235569 0.992999 0.006485
3.824894 0.968183 0.005713
4.245882 0.931509 0.006629
4.033590 1.004532 0.006058
4.075519 0.997622 0.006156
4.258686 0.976283 0.006565
4.301704 1.016095 0.006571
4.445711 0.986404 0.006919
3.717159 0.948002 0.005538
4.012846 0.974933 0.006076
4.090024 1.025276 0.006129
3.998188 1.012115 0.005972
3.811497 0.684521 0.006254
4.590621 1.252216 0.006677
4.178154 1.160482 0.006035
4.258648 1.045831 0.006426
4.146714 1.019740 0.006254
4.273010 1.017345 0.006511
3.864593 0.937746 0.005854
