G_loss  G_D_loss  G_l1_loss
15.113911 9.978294 0.010271
6.653245 1.230711 0.010845
5.685884 0.316525 0.010739
5.599401 0.361673 0.010475
5.687202 0.407416 0.010560
5.462686 0.446446 0.010032
5.452680 0.491744 0.009922
5.954166 0.559220 0.010790
5.960277 0.930442 0.010060
5.954514 1.004277 0.009900
6.391658 1.090734 0.010602
5.811531 0.914006 0.009795
6.106110 0.934654 0.010343
5.882814 0.769257 0.010227
5.638082 0.698278 0.009880
5.561145 0.623742 0.009875
6.061424 0.597851 0.010927
5.846536 0.659944 0.010373
6.351087 1.387034 0.009928
6.868006 1.823851 0.010088
6.333875 1.327695 0.010012
5.680284 0.825362 0.009710
5.894582 0.790903 0.010207
5.317476 0.607053 0.009421
5.815154 0.760475 0.010109
6.613133 1.396873 0.010433
5.674195 1.030516 0.009287
5.476767 0.721702 0.009510
5.274775 0.589120 0.009371
5.521697 0.594619 0.009854
5.239143 0.517426 0.009443
4.962970 0.516618 0.008893
5.026192 0.496834 0.009059
5.103938 0.499274 0.009209
5.293911 0.702357 0.009183
6.048939 1.396570 0.009305
7.535442 3.181267 0.008708
5.678909 1.467621 0.008423
4.878557 0.555104 0.008647
4.877902 0.501929 0.008752
4.989916 0.500660 0.008979
4.986644 0.480618 0.009012
4.901222 0.477028 0.008848
4.965717 0.522052 0.008887
4.965477 0.494450 0.008942
5.307847 0.707018 0.009202
5.495173 1.183234 0.008624
5.412529 0.917074 0.008991
5.032025 0.544712 0.008975
5.027274 0.501124 0.009052
4.848249 0.611391 0.008474
5.048790 0.561898 0.008974
5.024072 0.739593 0.008569
4.798844 0.695245 0.008207
5.061396 0.550284 0.009022
4.811729 0.488590 0.008646
4.781575 0.473216 0.008617
4.507679 0.436558 0.008142
5.195690 0.793077 0.008805
5.575723 1.108991 0.008933
5.181627 0.745977 0.008871
4.745883 0.480279 0.008531
5.082500 0.446405 0.009272
4.716107 0.461826 0.008509
4.708704 0.465430 0.008487
4.808236 0.437150 0.008742
4.760850 0.444963 0.008632
4.829852 0.445842 0.008768
4.797081 0.511060 0.008572
4.946944 0.921176 0.008052
4.789607 0.661769 0.008256
4.513213 0.459449 0.008108
5.024951 0.458085 0.009134
4.829205 0.485966 0.008686
4.656344 0.456199 0.008400
4.934317 0.480774 0.008907
4.629774 0.470040 0.008319
4.513282 0.411324 0.008204
5.262366 0.934945 0.008655
5.059518 0.715262 0.008689
5.117736 0.672523 0.008890
4.819340 0.584154 0.008470
5.079796 0.602423 0.008955
5.349081 0.843002 0.009012
5.177958 0.611994 0.009132
4.895220 0.518694 0.008753
4.614415 0.538290 0.008152
4.556368 0.500629 0.008111
4.782450 0.520160 0.008525
4.957163 0.678142 0.008558
4.585141 0.518633 0.008133
4.758291 0.510684 0.008495
4.786753 0.698460 0.008177
4.816624 0.506734 0.008620
4.730643 0.129489 0.009202
4.994492 0.595881 0.008797
4.614493 0.490863 0.008247
4.948012 0.483085 0.008930
4.643032 0.481457 0.008323
4.358291 0.459223 0.007798
4.533786 0.440251 0.008187
4.667355 0.434586 0.008466
4.847180 0.444445 0.008805
4.516643 0.439056 0.008155
4.657815 0.453229 0.008409
4.692490 0.465970 0.008453
4.819403 0.507579 0.008624
4.625022 0.479620 0.008291
4.862857 0.455196 0.008815
4.845494 0.436569 0.008818
4.507720 0.407795 0.008200
4.668198 0.443688 0.008449
4.700908 0.508289 0.008385
4.759183 0.436576 0.008645
4.682315 0.418533 0.008528
4.699943 0.501679 0.008397
4.541020 0.434191 0.008214
4.936939 0.611745 0.008650
5.526737 0.663056 0.009727
4.993439 0.694084 0.008599
4.734300 0.583950 0.008301
8.746391 0.574384 0.016344
5.134982 0.523890 0.009222
4.951446 0.483011 0.008937
4.580171 0.396812 0.008367
4.613283 0.481379 0.008264
4.506537 0.411363 0.008190
4.701702 0.691127 0.008021
5.425991 0.814532 0.009223
4.686083 0.504981 0.008362
4.645957 0.485309 0.008321
4.655846 0.416669 0.008478
4.622066 0.398735 0.008447
4.676983 0.479883 0.008394
4.651384 0.479336 0.008344
4.743968 0.468978 0.008550
5.017524 0.502782 0.009029
4.632164 0.490815 0.008283
4.824648 0.575317 0.008499
4.735237 0.621057 0.008228
5.050382 0.498291 0.009104
4.487674 0.529675 0.007916
4.519533 0.642893 0.007753
4.887366 0.673113 0.008429
4.643642 0.603475 0.008080
4.852306 0.742687 0.008219
4.396905 0.553398 0.007687
4.585175 0.529724 0.008111
4.953899 0.652283 0.008603
4.767162 0.639237 0.008256
5.041695 0.794044 0.008495
4.797964 0.624058 0.008348
5.058306 0.747819 0.008621
4.871365 0.708808 0.008325
4.905669 0.785062 0.008241
4.936617 0.753874 0.008365
4.798616 0.809522 0.007978
4.771194 0.714218 0.008114
5.032893 0.744778 0.008576
5.020224 0.719746 0.008601
4.398644 0.402983 0.007991
4.820391 0.627001 0.008387
5.120953 0.731725 0.008778
5.165945 0.876160 0.008580
4.681698 0.762896 0.007838
4.826668 0.755913 0.008142
4.810865 0.703996 0.008214
4.864136 0.643726 0.008441
4.972353 0.830970 0.008283
4.605710 0.646409 0.007919
5.093699 0.785979 0.008615
4.640345 0.547058 0.008187
4.793004 0.637570 0.008311
4.794750 0.749056 0.008091
4.787764 0.760871 0.008054
4.931079 0.750395 0.008361
5.329349 0.942250 0.008774
5.053482 0.835201 0.008437
4.748952 0.684447 0.008129
4.927789 0.860212 0.008135
4.564165 0.697217 0.007734
4.992633 0.817971 0.008349
4.803585 0.742327 0.008123
5.102250 0.841861 0.008521
4.808415 0.751546 0.008114
4.866144 0.757453 0.008217
5.037619 0.825039 0.008425
4.660718 0.705551 0.007910
5.107419 0.866980 0.008481
4.866784 0.826281 0.008081
4.826411 0.752709 0.008147
4.513824 0.462859 0.008102
4.907069 0.780576 0.008253
4.973586 0.758669 0.008430
4.914021 0.927897 0.007972
4.946835 0.761232 0.008371
5.146963 0.919359 0.008455
4.589962 0.706494 0.007767
4.793675 0.664600 0.008258
4.832070 0.761767 0.008141
4.878293 0.812671 0.008131
4.763690 0.861230 0.007805
4.927908 0.875937 0.008104
4.710393 0.716306 0.007988
4.804980 0.724894 0.008160
4.729929 0.637785 0.008184
5.065164 0.729762 0.008671
4.837625 0.790884 0.008093
5.025388 0.867494 0.008316
4.784683 0.788395 0.007993
4.966178 0.763587 0.008405
5.385398 0.952550 0.008866
4.749221 0.634601 0.008229
4.843499 0.901266 0.007884
4.901559 0.850873 0.008101
4.797126 0.764239 0.008066
4.926460 0.832053 0.008189
4.784947 0.746835 0.008076
4.895579 0.822442 0.008146
4.772674 0.829751 0.007886
4.847811 0.879376 0.007937
4.724943 0.862573 0.007725
4.871486 0.850649 0.008042
5.096436 0.975556 0.008242
4.941742 0.787249 0.008309
5.039004 0.847986 0.008382
4.872741 0.777318 0.008191
4.687162 0.783860 0.007807
4.842188 0.779924 0.008125
4.839728 0.878094 0.007923
5.314007 1.045501 0.008537
4.783792 0.836391 0.007895
5.234954 0.986906 0.008496
4.811389 0.860118 0.007903
4.608457 0.736917 0.007743
4.886285 0.868286 0.008036
4.763671 0.889391 0.007749
5.017322 0.841739 0.008351
5.127182 0.862243 0.008530
4.975634 0.879786 0.008192
4.716110 0.847500 0.007737
4.604044 0.860263 0.007488
5.138048 0.936791 0.008403
4.864370 0.815759 0.008097
4.924078 0.831256 0.008186
4.857324 0.859219 0.007996
4.951710 0.937407 0.008029
4.902362 0.794014 0.008217
4.909096 0.964447 0.007889
4.774340 0.915251 0.007718
4.902775 0.928321 0.007949
4.555317 0.967332 0.007176
5.024364 0.925719 0.008197
4.875280 0.826249 0.008098
4.950375 0.863715 0.008173
4.750985 0.727734 0.008047
5.061226 0.914931 0.008293
4.865395 0.852143 0.008027
5.124603 0.939872 0.008369
4.719627 0.811958 0.007815
4.822958 0.930117 0.007786
4.680358 0.930239 0.007500
4.660027 0.868353 0.007583
4.999706 1.019647 0.007960
4.917910 0.837660 0.008161
4.842001 0.885178 0.007914
4.626310 0.805392 0.007642
4.685582 0.898697 0.007574
4.881175 1.009559 0.007743
4.919253 0.858005 0.008122
4.868467 0.989225 0.007758
5.167079 1.045457 0.008243
4.706761 0.638892 0.008136
4.831139 0.910575 0.007841
4.945331 0.920995 0.008049
5.138538 0.951461 0.008374
5.119040 0.871688 0.008495
4.836823 0.901398 0.007871
4.862020 0.963273 0.007797
4.854809 0.939361 0.007831
4.927758 0.888502 0.008079
4.913743 0.832668 0.008162
4.904344 0.951141 0.007906
4.599051 0.644045 0.007910
4.830045 0.933439 0.007793
5.203391 0.969667 0.008467
4.677840 0.817361 0.007721
4.505187 0.743361 0.007524
4.856276 0.811778 0.008089
4.986147 0.946505 0.008079
4.507567 0.770810 0.007474
4.730528 0.769071 0.007923
4.784189 0.898468 0.007771
4.748256 0.943433 0.007610
4.612341 0.888836 0.007447
4.438450 0.802563 0.007272
4.799341 0.758312 0.008082
4.970602 1.112721 0.007716
4.711990 0.963687 0.007497
4.671830 0.959788 0.007424
4.678194 0.911018 0.007534
4.602507 0.960900 0.007283
4.822524 0.855397 0.007934
4.871255 0.999657 0.007743
4.615543 0.945031 0.007341
5.035474 1.049901 0.007971
4.728826 0.831242 0.007795
4.867606 0.967158 0.007801
4.819012 0.829901 0.007978
5.027857 0.963271 0.008129
4.986032 1.012207 0.007948
4.512327 0.895651 0.007233
4.822339 0.908523 0.007828
4.875392 0.912578 0.007926
4.959880 0.922699 0.008074
4.871608 1.032392 0.007678
4.615625 0.840908 0.007549
5.074520 0.944336 0.008260
4.888127 0.986598 0.007803
4.772412 0.987300 0.007570
4.920470 0.860899 0.008119
4.946887 0.911739 0.008070
4.791165 0.863902 0.007855
4.708013 0.836819 0.007742
4.913619 0.992387 0.007842
4.662473 0.835806 0.007653
4.721541 0.931197 0.007581
4.944513 0.944833 0.007999
4.830756 0.852815 0.007956
5.288024 1.014760 0.008547
5.001636 0.987190 0.008029
5.122395 0.963855 0.008317
4.799789 0.999497 0.007601
4.409822 0.627129 0.007565
4.894204 1.066351 0.007656
5.050583 0.953096 0.008195
4.890251 1.010909 0.007759
4.787730 0.884048 0.007807
4.678789 0.861561 0.007634
4.652994 0.930732 0.007445
4.828748 1.001984 0.007654
4.538796 0.828702 0.007420
4.395345 0.919886 0.006951
4.880077 0.994309 0.007772
4.628848 0.918422 0.007421
4.573288 0.846774 0.007453
4.704041 0.860905 0.007686
4.689497 0.992361 0.007394
4.805411 0.954591 0.007702
4.696230 0.931650 0.007529
4.769967 0.951663 0.007637
4.645262 0.856002 0.007579
4.661848 1.036146 0.007251
4.823848 1.093932 0.007460
4.521749 0.933359 0.007177
4.878537 1.012502 0.007732
4.808264 0.963321 0.007690
4.630640 0.960168 0.007341
4.857018 0.995163 0.007724
4.812235 1.080996 0.007462
5.026279 1.020339 0.008012
4.708678 0.711688 0.007994
4.917000 0.955835 0.007922
4.528065 0.862157 0.007332
4.868642 1.075448 0.007586
4.881999 1.112764 0.007538
4.735664 0.996339 0.007479
4.929041 1.050291 0.007758
4.600102 0.903869 0.007392
4.649196 0.960918 0.007377
4.627468 1.005897 0.007243
4.737134 0.991574 0.007491
4.701200 1.042089 0.007318
4.567915 0.933125 0.007270
4.772214 1.023878 0.007497
4.850256 1.058493 0.007584
4.875484 0.928885 0.007893
4.815375 0.931382 0.007768
4.567402 0.958290 0.007218
4.587200 1.005903 0.007163
4.575517 0.989460 0.007172
4.661299 0.977883 0.007367
4.712390 0.903667 0.007617
4.797862 0.891140 0.007813
4.859788 1.099035 0.007522
4.785697 0.959517 0.007652
4.666417 1.002090 0.007329
4.817304 1.054194 0.007526
4.744507 0.849603 0.007790
4.650491 0.886080 0.007529
4.526460 0.863324 0.007326
4.719317 0.949384 0.007540
4.902299 0.959341 0.007886
4.668832 0.982598 0.007372
4.613440 0.989777 0.007247
4.434892 0.901105 0.007068
4.672053 0.945568 0.007453
4.400682 0.962948 0.006875
4.635834 0.910436 0.007451
4.598576 0.941801 0.007314
