G_loss  G_D_loss  G_l1_loss
3.498135 1.315269 0.021829
3.158431 1.032135 0.021263
1.913930 0.423293 0.014906
1.836157 0.470597 0.013656
1.534436 0.411642 0.011228
1.556091 0.253030 0.013031
1.840789 0.399127 0.014417
1.560925 0.342814 0.012181
1.229287 0.272133 0.009572
1.368790 0.212204 0.011566
1.420974 0.226355 0.011946
1.291342 0.196758 0.010946
1.204876 0.286513 0.009184
1.193010 0.178294 0.010147
1.161825 0.352471 0.008094
1.205836 0.250122 0.009557
1.137961 0.281824 0.008561
1.237678 0.261829 0.009758
1.458180 0.330830 0.011274
1.373703 0.373517 0.010002
