G_loss  G_D_loss  G_l1_loss
5.283267 0.911861 0.008743
4.275107 0.214430 0.008121
5.305495 0.267320 0.010076
5.263618 0.312414 0.009902
4.024845 0.224433 0.007601
4.974332 0.250915 0.009447
4.288523 0.385201 0.007807
4.422227 0.208960 0.008427
3.573525 0.304835 0.006537
4.579072 0.509293 0.008140
3.703479 0.328486 0.006750
4.037148 0.299475 0.007475
3.807528 0.382657 0.006850
3.630942 0.246736 0.006768
4.342255 0.233783 0.008217
4.034667 0.286632 0.007496
3.437299 0.385130 0.006104
3.961312 0.255778 0.007411
3.824397 0.223091 0.007203
3.576195 0.324032 0.006504
