G_loss  G_D_loss  G_l1_loss
24.995373 1.450353 0.047090
19.153812 0.363555 0.037581
15.973140 0.358827 0.031229
14.053013 0.337533 0.027431
11.167934 0.333284 0.021669
11.766097 0.285289 0.022962
11.367863 0.365384 0.022005
10.441331 0.256686 0.020369
9.397099 0.309511 0.018175
9.500081 0.244062 0.018512
9.705259 0.350819 0.018709
9.284033 0.272900 0.018022
8.611648 0.244040 0.016735
8.622179 0.252626 0.016739
9.233719 0.222314 0.018023
9.097532 0.207100 0.017781
12.144373 0.224902 0.023839
8.687208 0.334981 0.016704
8.578495 0.283676 0.016590
8.114508 0.381642 0.015466
