G_loss  G_D_loss  G_l1_loss
57.239773 51.852093 0.010775
6.113986 0.654640 0.010919
5.880916 0.348806 0.011064
5.507050 0.130971 0.010752
6.325321 0.340824 0.011969
5.776357 0.331737 0.010889
5.729959 0.263703 0.010933
5.982602 0.503954 0.010957
5.353504 0.725983 0.009255
4.914034 0.424317 0.008979
5.684268 0.393740 0.010581
5.510135 0.473175 0.010074
4.930574 0.624779 0.008612
6.049327 1.335056 0.009429
6.146224 1.317063 0.009658
6.622562 0.867715 0.011510
5.563842 0.641397 0.009845
5.915727 0.730439 0.010371
5.643413 0.548453 0.010190
6.263182 1.210046 0.010106
5.496452 0.671227 0.009650
5.223932 0.559353 0.009329
5.877443 0.599361 0.010556
5.533502 0.550999 0.009965
5.863533 1.206390 0.009314
5.684325 1.417805 0.008533
9.190090 4.139647 0.010101
5.166718 0.537891 0.009258
5.699158 0.443477 0.010511
4.574057 0.455748 0.008237
5.142185 0.350424 0.009584
5.747864 0.434987 0.010626
5.129658 0.421685 0.009416
5.476158 0.454003 0.010044
6.181359 1.202066 0.009959
5.323676 0.720105 0.009207
5.319186 0.525230 0.009588
5.422874 0.544707 0.009756
4.806645 0.634310 0.008345
5.222359 0.656032 0.009133
4.742117 0.536602 0.008411
5.652419 0.661235 0.009982
4.905158 0.727467 0.008355
7.019438 2.268142 0.009503
5.795907 0.680712 0.010230
5.044098 0.457442 0.009173
5.050979 0.420239 0.009261
3.833962 0.371000 0.006926
4.400522 0.373644 0.008054
5.139547 0.395385 0.009488
5.111961 0.387303 0.009449
5.468575 0.855314 0.009227
5.416033 0.617119 0.009598
4.752730 0.530361 0.008445
4.382476 0.439296 0.007886
4.222776 0.419550 0.007606
5.047917 0.384556 0.009327
4.462244 0.428907 0.008067
5.037380 0.438433 0.009198
4.713073 0.410591 0.008605
4.602397 0.590552 0.008024
4.860682 1.000183 0.007721
5.521219 0.565077 0.009912
4.236326 0.518052 0.007437
4.427220 0.365819 0.008123
5.437925 0.517191 0.009841
4.815914 0.351869 0.008928
4.940536 0.365120 0.009151
4.717367 0.372573 0.008690
4.439916 0.359363 0.008161
4.968803 0.711195 0.008515
5.172209 0.792680 0.008759
3.960787 0.593584 0.006734
4.314031 0.362578 0.007903
4.762345 0.379366 0.008766
4.419910 0.380583 0.008079
4.795846 0.472201 0.008647
4.883307 0.346642 0.009073
4.362542 0.386166 0.007953
4.592261 0.396349 0.008392
4.859714 0.415624 0.008888
5.051470 0.496203 0.009111
5.152043 0.589522 0.009125
4.978480 0.734485 0.008488
4.284079 0.482349 0.007603
4.731088 0.392857 0.008676
4.176702 0.379604 0.007594
4.595763 0.350609 0.008490
4.392139 0.570348 0.007644
4.997393 0.300220 0.009394
5.561021 0.540412 0.010041
4.818389 0.522038 0.008593
3.913647 0.392453 0.007042
4.513340 0.405244 0.008216
4.603427 0.395514 0.008416
3.968664 0.363216 0.007211
4.510788 0.342965 0.008336
4.130690 0.342174 0.007577
4.819910 0.415666 0.008808
4.866787 0.504906 0.008724
4.549093 0.421836 0.008255
4.262468 0.428302 0.007668
4.234305 0.434049 0.007601
5.255566 0.434389 0.009642
4.411244 0.344215 0.008134
4.642896 0.495168 0.008295
5.450953 0.341531 0.010219
4.242277 0.360029 0.007764
5.462981 0.487367 0.009951
4.965096 0.476028 0.008978
4.868875 0.541057 0.008656
4.176625 0.396875 0.007560
4.827523 0.390462 0.008874
4.421870 0.314606 0.008215
5.126763 0.424860 0.009404
4.979365 0.424880 0.009109
4.884899 0.499220 0.008771
5.084232 0.460934 0.009247
4.153135 0.468074 0.007370
4.779876 0.390007 0.008780
4.662052 0.484926 0.008354
4.793704 0.450487 0.008686
4.580577 0.473311 0.008215
4.642295 0.454968 0.008375
5.216662 0.562640 0.009308
5.441878 0.570517 0.009743
4.736382 0.413385 0.008646
4.069286 0.352379 0.007434
4.362657 0.330008 0.008065
4.208169 0.348630 0.007719
4.572596 0.383789 0.008378
4.187725 0.393051 0.007589
4.278283 0.484600 0.007587
5.265746 0.399125 0.009733
4.598858 0.480789 0.008236
5.161514 0.376840 0.009569
4.323711 0.424267 0.007799
4.668106 0.356782 0.008623
4.951997 0.330387 0.009243
4.149757 0.336824 0.007626
4.504062 0.442754 0.008123
4.078958 0.506963 0.007144
4.559629 0.561216 0.007997
4.585414 0.409656 0.008352
5.269233 0.390785 0.009757
4.938526 0.483984 0.008909
4.228015 0.295338 0.007865
4.982890 0.414040 0.009138
4.163730 0.338527 0.007650
4.844654 0.322027 0.009045
4.999034 0.378011 0.009242
4.145990 0.384822 0.007522
4.642001 0.340422 0.008603
4.829863 0.329600 0.009001
4.804057 0.344579 0.008919
4.853409 0.383834 0.008939
4.623649 0.355508 0.008536
4.011172 0.332254 0.007358
4.767389 0.353452 0.008828
3.991337 0.344396 0.007294
4.271222 0.351497 0.007839
4.693854 0.375603 0.008637
4.855093 0.340267 0.009030
4.312843 0.351633 0.007922
4.484263 0.333417 0.008302
4.263100 0.340560 0.007845
4.611803 0.382696 0.008458
4.428529 0.356487 0.008144
4.573946 0.350854 0.008446
4.751624 0.347809 0.008808
4.944263 0.364177 0.009160
4.429706 0.351349 0.008157
4.076059 0.350641 0.007451
4.519218 0.364404 0.008310
4.234802 0.308584 0.007852
4.828519 0.335189 0.008987
4.831908 0.359033 0.008946
4.756973 0.375912 0.008762
4.647359 0.321227 0.008652
4.464894 0.320319 0.008289
4.370949 0.352806 0.008036
4.389875 0.368242 0.008043
4.209853 0.360057 0.007700
4.292746 0.339369 0.007907
4.014232 0.309100 0.007410
4.084177 0.361801 0.007445
4.003916 0.318492 0.007371
4.449155 0.352533 0.008193
4.821287 0.346777 0.008949
4.646528 0.367557 0.008558
4.625484 0.349072 0.008553
4.111877 0.321734 0.007580
4.405108 0.360405 0.008089
4.497173 0.333395 0.008328
4.701238 0.307249 0.008788
4.389037 0.394549 0.007989
4.817344 0.324897 0.008985
4.849089 0.341544 0.009015
4.836432 0.370146 0.008933
4.239253 0.315629 0.007847
4.114622 0.311955 0.007605
4.059336 0.313390 0.007492
4.423470 0.424128 0.007999
4.512080 0.325394 0.008373
4.562283 0.330770 0.008463
4.436628 0.347986 0.008177
4.849613 0.348453 0.009002
4.044134 0.373011 0.007342
4.048891 0.365846 0.007366
3.717596 0.304973 0.006825
4.634683 0.353783 0.008562
4.867594 0.314968 0.009105
4.439060 0.400070 0.008078
4.936891 0.547322 0.008779
4.968825 0.533684 0.008870
3.995589 0.684565 0.006622
4.560996 0.535487 0.008051
3.808633 0.135185 0.007347
4.086926 0.192510 0.007789
4.806664 0.267226 0.009079
3.961351 0.307019 0.007309
4.558285 0.289142 0.008538
4.153552 0.339173 0.007629
4.139395 0.345379 0.007588
4.361260 0.305566 0.008111
4.032297 0.277455 0.007510
4.150504 0.352030 0.007597
4.014598 0.355266 0.007319
4.863811 0.363134 0.009001
4.555702 0.305418 0.008501
4.265357 0.337508 0.007856
4.408328 0.290678 0.008235
4.509470 0.320720 0.008377
3.861260 0.320209 0.007082
4.448332 0.297122 0.008302
4.315605 0.344015 0.007943
4.253952 0.328358 0.007851
4.462471 0.326900 0.008271
4.293589 0.327216 0.007933
4.154668 0.304031 0.007701
4.445127 0.299860 0.008291
4.554909 0.306981 0.008496
4.342492 0.328598 0.008028
4.173696 0.344260 0.007659
4.258418 0.318701 0.007879
4.367480 0.324302 0.008086
4.895678 0.318389 0.009155
4.704926 0.337083 0.008736
3.312416 0.344101 0.005937
4.919419 0.325944 0.009187
4.070241 0.323172 0.007494
4.065083 0.311074 0.007508
3.796865 0.327100 0.006940
4.216280 0.311700 0.007809
4.243855 0.301960 0.007884
4.661581 0.336021 0.008651
4.209139 0.357305 0.007704
3.949460 0.314645 0.007270
4.195050 0.358213 0.007674
4.634740 0.319389 0.008631
4.410405 0.299582 0.008222
4.268618 0.296397 0.007944
4.947884 0.343793 0.009208
4.179832 0.298435 0.007763
4.403682 0.360121 0.008087
3.863864 0.320694 0.007086
4.451527 0.348412 0.008206
4.516870 0.290883 0.008452
4.586581 0.336605 0.008500
5.044888 0.314778 0.009460
4.453599 0.270453 0.008366
3.991408 0.324610 0.007334
4.514463 0.337499 0.008354
4.684161 0.338911 0.008690
3.823730 0.287848 0.007072
4.635593 0.352340 0.008567
3.983171 0.304387 0.007358
4.157098 0.306855 0.007700
4.530983 0.329550 0.008403
4.697166 0.309482 0.008775
4.112185 0.286595 0.007651
4.425598 0.297346 0.008257
4.368898 0.328112 0.008082
4.539158 0.328869 0.008421
3.809774 0.326762 0.006966
4.017644 0.302919 0.007429
3.848906 0.323615 0.007051
3.580703 0.314951 0.006532
4.252923 0.296031 0.007914
4.236158 0.300810 0.007871
4.150786 0.331404 0.007639
4.023402 0.308993 0.007429
3.969725 0.310207 0.007319
4.092757 0.318980 0.007548
3.966769 0.391654 0.007150
3.870870 0.277123 0.007187
4.031454 0.356924 0.007349
4.136954 0.285018 0.007704
3.550607 0.347188 0.006407
3.689699 0.280289 0.006819
3.861654 0.321773 0.007080
4.011006 0.329545 0.007363
3.931335 0.295889 0.007271
4.597816 0.320130 0.008555
3.799900 0.278926 0.007042
4.162475 0.299615 0.007726
4.045915 0.305865 0.007480
3.764200 0.280190 0.006968
4.292413 0.343192 0.007898
4.645682 0.322249 0.008647
4.268524 0.293942 0.007949
3.986136 0.333096 0.007306
4.574414 0.310029 0.008529
3.930521 0.319780 0.007221
4.032724 0.341534 0.007382
3.620683 0.330631 0.006580
4.071964 0.333341 0.007477
3.886707 0.299421 0.007175
3.255268 0.283655 0.005943
4.836258 0.368097 0.008936
4.032663 0.326616 0.007412
4.304989 0.271548 0.008067
3.968784 0.309892 0.007318
4.083966 0.280064 0.007608
3.676586 0.304668 0.006744
4.167472 0.346882 0.007641
4.338396 0.332794 0.008011
4.034719 0.301368 0.007467
4.436797 0.331633 0.008210
3.775476 0.303001 0.006945
4.137514 0.306479 0.007662
4.631828 0.309251 0.008645
4.200611 0.332319 0.007737
3.803528 0.310837 0.006985
4.100691 0.294326 0.007613
4.128734 0.330791 0.007596
4.615050 0.355246 0.008520
3.703817 0.305311 0.006797
4.276007 0.332465 0.007887
3.603036 0.277837 0.006650
4.155980 0.298726 0.007715
4.394124 0.338534 0.008111
4.233237 0.340932 0.007785
4.035682 0.303711 0.007464
4.161745 0.327111 0.007669
4.292099 0.330580 0.007923
4.498783 0.335303 0.008327
3.993090 0.344375 0.007297
3.961792 0.371802 0.007180
3.737376 0.315388 0.006844
4.455065 0.544876 0.007820
4.272924 0.441912 0.007662
4.233119 0.399290 0.007668
4.702973 0.467568 0.008471
4.415974 0.272799 0.008286
4.469177 0.458761 0.008021
4.015140 0.326704 0.007377
4.292329 0.407532 0.007770
4.957564 0.422803 0.009070
4.026309 0.332697 0.007387
3.670789 0.330000 0.006682
4.300587 0.383594 0.007834
3.644054 0.471270 0.006346
4.290512 0.585093 0.007411
4.499140 0.207489 0.008583
4.111613 0.347642 0.007528
4.441397 0.551542 0.007780
4.550221 0.523995 0.008052
4.414110 0.493493 0.007841
4.478766 0.446986 0.008064
4.350780 0.465732 0.007770
3.999465 0.407815 0.007183
3.609234 0.349871 0.006519
3.747726 0.363212 0.006769
4.146490 0.385685 0.007522
3.783853 0.434974 0.006698
3.739621 0.325829 0.006828
4.120260 0.528764 0.007183
4.469840 0.455059 0.008030
4.275739 0.301747 0.007948
4.125279 0.434637 0.007381
4.248496 0.547431 0.007402
3.894927 0.384187 0.007021
4.380692 0.455571 0.007850
3.821485 0.449993 0.006743
4.263307 0.510387 0.007506
3.962104 0.384794 0.007155
4.452665 0.356252 0.008193
4.263254 0.451241 0.007624
4.208607 0.318453 0.007780
4.382674 0.360568 0.008044
3.961087 0.438006 0.007046
4.476312 0.399592 0.008153
4.087573 0.468116 0.007239
4.076382 0.428719 0.007295
4.731280 0.597385 0.008268
4.593581 0.277190 0.008633
4.214696 0.557055 0.007315
4.354034 0.281806 0.008144
4.097821 0.454018 0.007288
3.873406 0.462745 0.006821
3.830697 0.432426 0.006797
4.000389 0.589449 0.006822
3.930673 0.447158 0.006967
3.794904 0.504836 0.006580
4.238765 0.388736 0.007700
4.709015 0.325063 0.008768
4.354628 0.630319 0.007449
3.965230 0.517176 0.006896
3.660516 0.300764 0.006720
3.901137 0.395122 0.007012
3.972031 0.523756 0.006897
4.071134 0.483103 0.007176
3.437788 0.520241 0.005835
4.564997 0.454461 0.008221
4.235571 0.397310 0.007677
4.563564 0.404336 0.008318
4.605273 0.482468 0.008246
4.419535 0.561805 0.007715
4.639120 0.561232 0.008156
4.185105 0.349771 0.007671
3.710654 0.531640 0.006358
3.764324 0.388721 0.006751
4.227461 0.482536 0.007490
3.784262 0.387240 0.006794
3.769175 0.431912 0.006675
3.811808 0.414249 0.006795
4.099181 0.394145 0.007410
4.658523 0.456103 0.008405
5.174383 0.667716 0.009013
4.309270 0.473295 0.007672
4.282731 0.487470 0.007591
4.368986 0.591790 0.007554
3.330226 0.427838 0.005805
4.024601 0.689351 0.006671
3.766438 0.666321 0.006200
4.815557 0.667271 0.008297
4.978768 0.569573 0.008818
3.830597 0.478862 0.006703
3.950016 0.561625 0.006777
4.586088 0.580717 0.008011
4.305557 0.571075 0.007469
4.093687 0.536464 0.007114
4.447847 0.617075 0.007662
4.149828 0.457973 0.007384
4.354514 0.381199 0.007947
4.480800 0.678368 0.007605
4.267991 0.636616 0.007263
3.960452 0.616888 0.006687
4.188758 0.623585 0.007130
4.144587 0.765326 0.006759
4.266300 0.509113 0.007514
3.872961 0.594777 0.006556
4.163241 0.530913 0.007265
4.520166 0.532083 0.007976
4.128489 0.569416 0.007118
4.225160 0.529660 0.007391
4.388660 0.433103 0.007911
4.107891 0.504420 0.007207
4.453229 0.698141 0.007510
4.024469 0.594438 0.006860
4.279613 0.625888 0.007307
3.901249 0.741664 0.006319
4.550900 0.775035 0.007552
4.034157 0.364309 0.007340
4.429359 0.799139 0.007260
3.938612 0.424044 0.007029
4.079029 0.774756 0.006609
4.415691 0.823141 0.007185
4.106694 0.597100 0.007019
4.272906 0.508881 0.007528
4.123258 0.789571 0.006667
3.785052 0.216803 0.007136
4.507959 0.453142 0.008110
4.086923 0.565216 0.007043
4.050256 0.611272 0.006878
4.228154 0.755927 0.006944
4.242661 0.615634 0.007254
3.944942 0.483039 0.006924
3.910549 0.504286 0.006813
3.991399 0.599204 0.006784
4.048431 0.637893 0.006821
4.302783 0.709005 0.007188
3.983671 0.443116 0.007081
4.361694 0.739528 0.007244
4.638732 0.888932 0.007500
3.814559 0.625867 0.006377
4.269705 0.628273 0.007283
4.141604 0.854119 0.006575
4.585652 0.864716 0.007442
4.182572 0.757391 0.006850
3.636558 0.534502 0.006204
4.275383 0.798520 0.006954
4.532640 0.624453 0.007816
3.945834 0.925175 0.006041
4.455377 0.843058 0.007225
4.384868 0.770634 0.007228
4.663173 0.882075 0.007562
5.059444 0.719911 0.008679
4.056700 0.882366 0.006349
4.523078 0.745893 0.007554
4.208632 0.694909 0.007027
4.029445 0.836961 0.006385
4.162475 0.848381 0.006628
4.095895 0.801163 0.006589
3.934413 0.812137 0.006245
3.922590 0.652579 0.006540
4.117713 0.804495 0.006626
4.096718 0.760246 0.006673
4.635668 0.801399 0.007669
4.596059 0.871467 0.007449
4.673500 0.933851 0.007479
3.783978 0.900104 0.005768
4.305022 0.975132 0.006660
4.653888 0.954949 0.007398
4.413857 1.023409 0.006781
4.651082 0.938953 0.007424
4.949010 1.037403 0.007823
4.639795 1.078095 0.007123
4.319509 1.212613 0.006214
3.721059 0.686436 0.006069
4.692595 0.995611 0.007394
4.717829 0.850987 0.007734
4.388626 0.975155 0.006827
4.736141 1.117019 0.007238
4.932459 0.980071 0.007905
4.619373 1.084010 0.007071
4.323370 0.798400 0.007050
4.162440 0.832148 0.006661
4.213149 0.791482 0.006843
4.305064 0.917649 0.006775
4.120362 0.946284 0.006348
4.426457 1.063965 0.006725
4.335309 0.949674 0.006771
4.979003 0.965599 0.008027
4.347422 1.028586 0.006638
4.483724 0.871265 0.007225
4.865511 1.048595 0.007634
4.294817 0.749578 0.007090
4.366617 0.968435 0.006796
4.383456 1.073571 0.006620
4.113789 0.727823 0.006772
4.191135 0.815202 0.006752
4.715623 0.908592 0.007614
4.029618 0.960054 0.006139
4.438582 0.918339 0.007040
4.716438 0.753785 0.007925
4.587150 0.894030 0.007386
4.122810 1.033846 0.006178
4.859882 1.035123 0.007650
4.223382 0.953748 0.006539
4.197783 0.940975 0.006514
4.705570 1.074931 0.007261
4.123491 1.015545 0.006216
3.918692 0.594563 0.006648
3.863112 0.890277 0.005946
4.551526 0.949369 0.007204
4.997271 0.951313 0.008092
3.741627 0.793398 0.005896
3.477947 0.915954 0.005124
4.777079 0.959416 0.007635
4.536649 0.914266 0.007245
4.045471 0.821728 0.006447
3.948778 1.029311 0.005839
4.780752 0.937357 0.007687
4.150918 1.058133 0.006186
4.287667 0.792588 0.006990
4.284172 0.811959 0.006944
4.794332 0.901784 0.007785
4.920372 0.972003 0.007897
4.624134 1.170027 0.006908
4.326729 0.968485 0.006716
4.680384 0.961012 0.007439
4.061242 1.018136 0.006086
4.842533 0.911865 0.007861
4.023652 1.025334 0.005997
4.692758 1.087045 0.007211
4.644896 1.232793 0.006824
4.529074 0.935961 0.007186
4.349308 1.073482 0.006552
4.519865 0.934728 0.007170
4.461271 0.931862 0.007059
4.294311 0.921686 0.006745
4.625932 1.255509 0.006741
4.859470 1.015136 0.007689
4.849428 0.978292 0.007742
5.109037 1.138021 0.007942
4.739408 1.151874 0.007175
4.664519 0.958864 0.007411
4.884343 1.043956 0.007681
4.531865 1.020019 0.007024
4.998775 1.156764 0.007684
4.577814 1.144045 0.006868
4.298207 0.961676 0.006673
4.294344 0.869717 0.006849
4.837264 1.051136 0.007572
4.521289 1.006966 0.007029
4.390328 1.199468 0.006382
4.890649 1.042369 0.007697
4.552620 1.136903 0.006831
4.940596 0.997659 0.007886
3.792297 1.035779 0.005513
5.026523 0.900925 0.008251
4.182485 0.996349 0.006372
4.128450 1.005836 0.006245
4.459727 0.737872 0.007444
4.365265 1.236948 0.006257
5.158998 0.885538 0.008547
5.120706 1.205510 0.007830
4.355851 0.891843 0.006928
3.795872 0.937897 0.005716
3.943237 0.937657 0.006011
3.153418 0.567324 0.005172
3.971991 0.764942 0.006414
3.908375 1.018718 0.005779
4.436884 1.177650 0.006518
4.212498 0.876738 0.006672
4.830378 1.093243 0.007474
3.988453 0.960891 0.006055
4.595587 1.051726 0.007088
4.229280 1.021023 0.006417
4.392658 0.948160 0.006889
3.890904 0.809572 0.006163
4.653425 0.858125 0.007591
4.519291 0.983502 0.007072
4.294664 0.848236 0.006893
4.524240 1.214288 0.006620
4.371285 1.014140 0.006714
4.664708 1.134983 0.007059
4.402486 0.976599 0.006852
3.840557 0.713742 0.006254
4.696643 1.044673 0.007304
3.927403 0.942937 0.005969
4.528490 1.033595 0.006990
4.611712 1.105784 0.007012
4.310494 0.998504 0.006624
4.507658 0.915441 0.007184
4.378634 1.190424 0.006376
4.409185 1.037157 0.006744
4.247299 0.916350 0.006662
4.915364 1.075397 0.007680
4.347319 0.980625 0.006733
4.112152 1.038477 0.006147
4.235844 0.941650 0.006588
4.819537 1.048239 0.007543
4.624682 0.877117 0.007495
3.812812 0.805193 0.006015
4.292803 0.995533 0.006595
4.088670 1.076109 0.006025
4.286776 0.632361 0.007309
3.836878 1.018989 0.005636
3.850253 0.749982 0.006201
4.778488 0.977633 0.007602
4.722539 1.002350 0.007440
4.428339 0.994808 0.006867
4.128657 1.207544 0.005842
4.509807 0.957160 0.007105
4.400427 1.134512 0.006532
4.475739 0.874636 0.007202
5.352837 0.934223 0.008837
4.518509 0.949678 0.007138
4.266663 0.797567 0.006938
4.162413 0.934519 0.006456
4.682244 1.140043 0.007084
3.855703 0.841898 0.006028
3.990813 0.934471 0.006113
4.094432 0.957144 0.006275
4.398626 0.974372 0.006849
4.473625 1.044013 0.006859
4.091912 0.909778 0.006364
3.750952 0.823091 0.005856
4.322690 1.018163 0.006609
4.749240 0.946024 0.007606
4.692175 1.312706 0.006759
3.692220 0.899939 0.005585
3.860976 0.996376 0.005729
4.807974 1.115848 0.007384
4.810295 0.825369 0.007970
4.324559 0.921835 0.006805
4.660621 0.876934 0.007567
4.009316 1.222177 0.005574
4.192202 0.855746 0.006673
4.569087 1.023778 0.007091
5.038210 1.110138 0.007856
4.459380 1.287825 0.006343
4.670356 0.975860 0.007389
4.388300 0.979907 0.006817
4.079238 0.897262 0.006364
4.504823 0.975598 0.007058
4.775313 1.069452 0.007412
4.512616 0.827082 0.007371
4.691263 0.880747 0.007621
4.034328 1.054729 0.005959
4.299850 1.128859 0.006342
4.664638 1.128936 0.007071
4.418549 1.016977 0.006803
4.511010 1.046421 0.006929
5.062977 1.005862 0.008114
4.487144 1.133661 0.006707
4.003273 0.951182 0.006104
5.053181 1.081344 0.007944
4.531046 1.104558 0.006853
4.102837 1.171509 0.005863
4.515543 0.960379 0.007110
4.338111 1.111864 0.006452
4.094798 0.807324 0.006575
4.116721 0.948381 0.006337
4.870826 0.793131 0.008155
4.342392 0.902536 0.006880
4.462971 1.266900 0.006392
3.753151 0.781809 0.005943
4.729342 1.063576 0.007332
4.540744 0.966407 0.007149
4.220155 0.997366 0.006446
3.538560 0.792761 0.005492
4.615140 1.141238 0.006948
4.270741 0.985583 0.006570
4.083611 0.972963 0.006221
4.486705 1.167785 0.006638
4.453472 1.055467 0.006796
4.336539 1.268215 0.006137
4.441688 1.106379 0.006671
5.022464 1.151636 0.007742
4.397094 1.240696 0.006313
4.829160 1.232469 0.007193
3.919413 1.073770 0.005691
4.761631 1.097212 0.007329
4.382830 1.112499 0.006541
4.355520 1.012009 0.006687
4.234422 0.922729 0.006623
4.782593 1.078088 0.007409
3.676810 0.863360 0.005627
4.058239 0.944769 0.006227
4.459481 0.842807 0.007233
4.425390 0.867978 0.007115
3.910064 0.918412 0.005983
4.097787 0.992068 0.006211
4.656026 0.911727 0.007489
4.293434 0.989944 0.006607
4.381615 1.062179 0.006639
4.359551 0.778872 0.007161
4.238246 0.978050 0.006520
3.746240 0.988288 0.005516
4.095959 0.946602 0.006299
3.923355 0.929080 0.005989
4.181349 0.991835 0.006379
4.604297 0.997848 0.007213
4.115277 1.139300 0.005952
4.023579 0.922355 0.006202
4.189970 1.005697 0.006369
3.894741 0.990112 0.005809
4.362437 1.024268 0.006676
4.292920 1.005687 0.006574
4.670862 1.273901 0.006794
4.511785 1.128358 0.006767
5.057756 1.061219 0.007993
4.070956 0.941511 0.006259
4.077481 0.826071 0.006503
4.174583 1.025726 0.006298
5.088584 1.301270 0.007575
3.912813 0.888762 0.006048
3.869462 0.994991 0.005749
4.377513 1.151564 0.006452
4.109706 0.926423 0.006367
3.911134 0.788097 0.006246
4.044661 1.183193 0.005723
4.192109 1.012353 0.006360
4.349607 1.101341 0.006497
4.459874 1.201757 0.006516
3.982763 1.080519 0.005804
3.787015 0.956171 0.005662
4.133500 1.047867 0.006171
3.954474 0.813989 0.006281
4.081846 0.959011 0.006246
4.132045 0.975151 0.006314
4.222267 1.013762 0.006417
4.399687 1.047568 0.006704
4.316461 0.907139 0.006819
4.385572 1.156484 0.006458
3.579229 0.903762 0.005351
4.729568 1.023931 0.007411
3.474331 0.604505 0.005740
4.478444 0.873887 0.007209
4.343747 1.067063 0.006553
4.012053 0.964657 0.006095
4.462225 1.067036 0.006790
4.624404 1.167674 0.006913
4.675335 0.955332 0.007440
4.418339 1.011946 0.006813
4.722092 1.121140 0.007202
5.141966 1.073839 0.008136
4.559096 0.939494 0.007239
4.145070 0.767717 0.006755
3.775229 0.443112 0.006664
4.184770 0.960463 0.006449
4.456137 0.949220 0.007014
4.836663 1.003924 0.007665
4.521921 1.325627 0.006393
4.506360 0.693193 0.007626
4.283080 0.937031 0.006692
