G_loss  G_D_loss  G_l1_loss
8.519597 3.392676 0.010254
7.132873 1.424991 0.011416
5.899079 0.646878 0.010504
5.740716 0.678647 0.010124
5.937583 0.794309 0.010287
6.554022 1.298771 0.010511
6.221916 0.547271 0.011349
6.050569 0.632235 0.010837
5.546864 0.530127 0.010033
5.874925 0.674293 0.010401
6.335865 1.226106 0.010220
5.394938 0.629453 0.009531
5.630708 0.622091 0.010017
5.540336 0.610243 0.009860
5.446414 0.594987 0.009703
5.540340 0.580888 0.009919
5.484606 0.672217 0.009625
5.758650 0.716709 0.010084
7.074718 1.927370 0.010295
5.764575 0.647394 0.010234
5.624990 0.750397 0.009749
5.987658 0.522430 0.010930
5.215760 0.469074 0.009493
5.434695 0.483130 0.009903
5.032480 0.497598 0.009070
5.147266 0.506837 0.009281
5.676622 0.733368 0.009887
5.613482 0.998912 0.009229
5.621498 0.781579 0.009680
5.538086 0.948099 0.009180
5.501396 0.650497 0.009702
5.189237 0.519131 0.009340
5.079628 0.465870 0.009228
5.145767 0.462378 0.009367
5.148984 0.467664 0.009363
5.023514 0.554924 0.008937
5.064508 0.688633 0.008752
5.461782 0.591346 0.009741
5.342295 0.530144 0.009624
5.322123 0.733607 0.009177
5.068602 0.538041 0.009061
4.784716 0.514266 0.008541
4.889403 0.477048 0.008825
4.858927 0.452965 0.008812
4.773706 0.490812 0.008566
4.868830 0.516851 0.008704
5.326364 0.525513 0.009602
5.090899 0.512719 0.009156
4.926349 0.496848 0.008859
5.130133 0.667498 0.008925
4.943286 0.513691 0.008859
4.854887 0.436256 0.008837
4.868925 0.450468 0.008837
4.378994 0.434967 0.007888
4.827510 0.467849 0.008719
4.546221 0.459000 0.008174
4.942499 0.435826 0.009013
4.678885 0.428923 0.008500
4.765454 0.455757 0.008619
4.854175 0.482415 0.008744
4.975697 0.516516 0.008918
4.461380 0.441054 0.008041
4.772696 0.452792 0.008640
4.234772 0.401671 0.007666
4.547573 0.507118 0.008081
4.824134 0.458992 0.008730
4.703137 0.460006 0.008486
5.094609 0.580096 0.009029
4.838083 0.504580 0.008667
4.494298 0.445207 0.008098
4.748258 0.403361 0.008690
4.839426 0.410160 0.008859
4.541667 0.404866 0.008274
4.682200 0.446630 0.008471
4.973011 0.574251 0.008798
4.804149 0.582090 0.008444
4.767040 0.402045 0.008730
4.760318 0.379807 0.008761
4.786753 0.418121 0.008737
4.769777 0.387327 0.008765
4.694539 0.338333 0.008712
4.650843 0.450786 0.008400
4.611793 0.390410 0.008443
4.576173 0.472592 0.008207
8.170967 0.523151 0.015296
5.565024 0.363199 0.010404
4.917291 0.412433 0.009010
4.494620 0.470596 0.008048
4.670229 0.396057 0.008548
4.607624 0.377472 0.008460
4.630309 0.404575 0.008451
4.469943 0.425386 0.008089
4.802094 0.390140 0.008824
4.740317 0.356322 0.008768
4.588216 0.390006 0.008396
4.498435 0.367331 0.008262
5.051431 0.440979 0.009221
5.051026 0.390219 0.009322
4.755692 0.480694 0.008550
4.572309 0.467789 0.008209
4.451492 0.457297 0.007988
4.971580 0.358074 0.009227
4.263099 0.387426 0.007751
4.547127 0.369269 0.008356
4.554506 0.313030 0.008483
5.075260 0.503195 0.009144
4.763606 0.414631 0.008698
4.467536 0.419100 0.008097
4.810529 0.415588 0.008790
4.648566 0.399515 0.008498
4.954249 0.462429 0.008984
4.499880 0.435714 0.008128
4.748089 0.482681 0.008531
4.725955 0.487910 0.008476
5.270840 0.485312 0.009571
4.428036 0.414505 0.008027
4.793184 0.514893 0.008557
4.629154 0.509564 0.008239
4.458954 0.352999 0.008212
4.746044 0.486154 0.008520
4.255320 0.200718 0.008109
4.493210 0.274935 0.008437
4.816618 0.299187 0.009035
4.614007 0.317620 0.008593
4.791748 0.310452 0.008963
4.501871 0.326203 0.008351
4.449931 0.326394 0.008247
4.426267 0.344248 0.008164
4.600541 0.352356 0.008496
4.259647 0.327673 0.007864
4.675531 0.336044 0.008679
4.674403 0.353451 0.008642
4.672062 0.342777 0.008659
4.439603 0.324036 0.008231
4.495096 0.365323 0.008260
4.300699 0.362417 0.007877
4.720714 0.370855 0.008700
4.418175 0.363618 0.008109
4.572334 0.393300 0.008358
4.451067 0.308931 0.008284
4.549595 0.425516 0.008248
4.753748 0.346188 0.008815
4.689125 0.525113 0.008328
4.326170 0.608587 0.007435
4.711111 0.568430 0.008285
4.626976 0.508690 0.008237
4.948361 0.560675 0.008775
5.036159 0.602385 0.008868
4.980327 0.564679 0.008831
4.778191 0.486860 0.008583
4.610609 0.527022 0.008167
4.493572 0.533629 0.007920
4.483402 0.376600 0.008214
4.782253 0.528254 0.008508
4.537548 0.498339 0.008078
4.421609 0.392134 0.008059
4.556458 0.421836 0.008269
4.245308 0.352012 0.007787
4.582789 0.442310 0.008281
4.367393 0.419671 0.007895
4.666231 0.465734 0.008401
4.708417 0.453822 0.008509
4.453899 0.408745 0.008090
4.423917 0.479512 0.007889
5.043526 0.589625 0.008908
4.476089 0.544306 0.007864
4.888167 0.500138 0.008776
4.571005 0.447700 0.008247
4.678220 0.578656 0.008199
4.173061 0.431899 0.007482
4.530951 0.566139 0.007930
4.192945 0.352781 0.007680
4.520454 0.491905 0.008057
4.745566 0.499616 0.008492
4.345142 0.494811 0.007701
4.455220 0.514661 0.007881
4.608131 0.583816 0.008049
5.093826 0.441166 0.009305
4.617800 0.553309 0.008129
4.371769 0.425068 0.007893
4.471491 0.484394 0.007974
4.677055 0.512433 0.008329
4.425269 0.496098 0.007858
4.451054 0.455112 0.007992
4.482164 0.637481 0.007689
4.557458 0.634615 0.007846
4.524442 0.684603 0.007680
4.578741 0.642688 0.007872
4.519438 0.477249 0.008084
4.874339 0.511178 0.008726
4.845407 0.472659 0.008745
4.973898 0.474616 0.008999
4.581257 0.466765 0.008229
4.439281 0.493290 0.007892
4.540414 0.530682 0.008019
4.871615 0.632210 0.008479
4.602627 0.468416 0.008268
4.799961 0.731471 0.008137
4.362862 0.697724 0.007330
4.299119 0.292964 0.008012
