G_loss  G_D_loss  G_l1_loss
23.633213 17.564291 0.012138
7.831553 2.740800 0.010182
5.950653 2.223634 0.007454
6.799180 1.887322 0.009824
7.012750 1.668335 0.010689
4.176709 0.626638 0.007100
5.667152 0.693082 0.009948
5.468225 0.231093 0.010474
5.582484 1.092207 0.008981
4.472539 0.560393 0.007824
4.960352 0.492988 0.008935
5.788786 0.657837 0.010262
5.399056 0.647167 0.009504
4.338785 0.507760 0.007662
4.266825 0.412298 0.007709
4.705400 0.205930 0.008999
4.852270 0.295892 0.009113
4.890371 0.406151 0.008968
4.597530 0.322842 0.008549
5.037867 0.271818 0.009532
4.758941 0.418509 0.008681
4.541540 0.299108 0.008485
5.351635 0.356888 0.009989
5.429674 0.499570 0.009860
5.767972 0.288767 0.010958
4.596800 0.290820 0.008612
5.073084 0.271975 0.009602
4.624591 0.247889 0.008753
5.219055 0.283312 0.009871
5.023738 0.512448 0.009023
4.236721 0.489725 0.007494
5.252474 0.455616 0.009594
4.930336 0.329331 0.009202
4.349174 0.316179 0.008066
4.731712 0.272268 0.008919
4.669712 0.342107 0.008655
4.420715 0.311643 0.008218
4.381841 0.195817 0.008372
4.317475 0.198110 0.008239
4.244795 0.287829 0.007914
4.297839 0.316765 0.007962
4.699069 0.588454 0.008221
4.721138 0.532488 0.008377
5.177100 0.424255 0.009506
4.777740 0.337761 0.008880
4.803148 0.318301 0.008970
4.772684 0.454158 0.008637
4.237597 0.285286 0.007905
4.750102 0.218636 0.009063
3.791214 0.131792 0.007319
4.535706 0.453559 0.008164
5.689860 0.453325 0.010473
4.615379 0.270355 0.008690
3.501411 0.475418 0.006052
4.875293 0.368487 0.009014
3.303408 0.422471 0.005762
4.149489 0.281961 0.007735
4.404867 0.243956 0.008322
3.299260 0.114317 0.006370
4.791487 0.441935 0.008699
4.916603 0.354037 0.009125
4.086868 0.295232 0.007583
4.274607 0.169177 0.008211
4.648411 0.351716 0.008593
4.454449 0.370229 0.008168
3.526368 0.411840 0.006229
4.072991 0.363521 0.007419
4.543765 0.209579 0.008668
3.488130 0.210964 0.006554
4.100633 0.353107 0.007495
4.032492 0.213431 0.007638
6.063396 0.458959 0.011209
4.183738 0.396523 0.007574
3.696316 0.181725 0.007029
4.366947 0.216414 0.008301
4.091669 0.277866 0.007628
4.216391 0.360980 0.007711
4.108511 0.154382 0.007908
4.272312 0.323922 0.007897
3.892339 0.277886 0.007229
4.667700 0.340185 0.008655
4.208330 0.259865 0.007897
3.809702 0.278454 0.007062
4.607586 0.313766 0.008588
4.165724 0.242363 0.007847
3.898916 0.373383 0.007051
4.744238 0.474429 0.008540
3.931675 0.248968 0.007365
4.806188 0.251370 0.009110
3.658355 0.153881 0.007009
4.025776 0.281040 0.007489
4.344808 0.188866 0.008312
4.169494 0.249350 0.007840
3.861413 0.229082 0.007265
4.427953 0.394366 0.008067
4.247110 0.439391 0.007615
4.187733 0.343755 0.007688
4.577456 0.436034 0.008283
3.493986 0.274802 0.006438
3.954932 0.248325 0.007413
3.424527 0.286155 0.006277
4.032113 0.199828 0.007665
3.516151 0.372174 0.006288
4.317540 0.262661 0.008110
3.963444 0.143381 0.007640
4.267269 0.284175 0.007966
4.091971 0.434331 0.007315
3.813338 0.491590 0.006643
5.116331 0.318075 0.009597
3.860363 0.326082 0.007069
4.832175 0.408003 0.008848
4.183133 0.362777 0.007641
4.288004 0.296626 0.007983
4.309786 0.168303 0.008283
4.001226 0.194310 0.007614
3.688287 0.351418 0.006674
3.896937 0.176960 0.007440
4.055051 0.333104 0.007444
5.464713 0.309341 0.010311
5.048193 0.458431 0.009180
4.275997 0.320445 0.007911
3.864880 0.317195 0.007095
4.194251 0.372113 0.007644
3.615060 0.189898 0.006850
4.118089 0.238898 0.007758
4.045758 0.265658 0.007560
4.072354 0.253260 0.007638
4.809529 0.245636 0.009128
4.160994 0.536079 0.007250
4.329528 0.306891 0.008045
3.251058 0.460817 0.005580
4.055554 0.252547 0.007606
4.560730 0.297084 0.008527
3.782326 0.158382 0.007248
3.867568 0.324286 0.007087
3.810474 0.383200 0.006855
4.442028 0.423264 0.008038
3.800244 0.268302 0.007064
3.918900 0.349672 0.007138
3.904252 0.253955 0.007301
4.162606 0.314467 0.007696
3.811264 0.307568 0.007007
4.930383 0.465320 0.008930
3.489064 0.355485 0.006267
3.491407 0.424425 0.006134
3.159674 0.275189 0.005769
4.764396 0.256288 0.009016
4.254432 0.127172 0.008255
4.425857 0.429623 0.007992
4.526886 0.494066 0.008066
4.687013 0.583227 0.008208
4.478441 0.439959 0.008077
4.070733 0.319524 0.007502
3.740948 0.223718 0.007034
3.996175 0.282164 0.007428
3.934465 0.363809 0.007141
4.712242 0.197084 0.009030
3.506341 0.194513 0.006624
4.839546 0.316631 0.009046
4.015268 0.379580 0.007271
