G_loss  G_D_loss  G_l1_loss
14.555061 9.102504 0.010905
6.372655 1.340946 0.010063
5.207799 0.090802 0.010234
5.837114 0.185003 0.011304
5.444046 0.192816 0.010502
5.258315 0.312366 0.009892
5.826822 0.335994 0.010982
5.524346 0.373602 0.010301
5.651746 0.496361 0.010311
5.384714 0.595708 0.009578
7.081241 1.907794 0.010347
5.838552 0.786239 0.010105
5.942029 0.455349 0.010973
5.677731 0.433906 0.010488
5.352634 0.490475 0.009724
5.847898 0.591197 0.010513
5.960600 0.560413 0.010800
5.986570 1.151225 0.009671
5.915299 0.722206 0.010386
5.422914 0.541861 0.009762
5.687681 0.511736 0.010352
5.403691 0.630168 0.009547
5.856654 0.526829 0.010660
4.909369 0.503115 0.008813
5.341357 0.737503 0.009208
5.855832 0.775804 0.010160
5.894277 0.860903 0.010067
5.425591 0.558978 0.009733
5.235485 0.454866 0.009561
5.124979 0.457099 0.009336
5.133684 0.452287 0.009363
4.817165 0.430633 0.008773
5.332224 0.502684 0.009659
5.218656 0.559267 0.009319
5.181302 0.604445 0.009154
5.239220 0.434160 0.009610
5.291410 0.430586 0.009722
5.153257 0.366546 0.009573
5.201786 0.738542 0.008926
5.802039 1.175817 0.009252
4.853790 0.640187 0.008427
4.851158 0.399934 0.008902
4.995401 0.363673 0.009263
5.035673 0.381775 0.009308
5.020864 0.416911 0.009208
5.127122 0.550339 0.009154
4.810737 0.483720 0.008654
5.169137 0.499532 0.009339
4.971804 0.503641 0.008936
4.755737 0.441702 0.008628
4.701657 0.421418 0.008560
4.771525 0.431773 0.008680
4.938978 0.453125 0.008972
5.338512 0.772705 0.009132
4.975445 0.593691 0.008764
4.837406 0.461837 0.008751
4.906914 0.407940 0.008998
5.033376 0.408497 0.009250
4.953713 0.433359 0.009041
4.727148 0.393397 0.008668
4.719625 0.358985 0.008721
5.118591 0.432708 0.009372
4.718153 0.505177 0.008426
5.005516 0.658935 0.008693
5.082865 0.578500 0.009009
4.904280 0.414457 0.008980
4.724850 0.371889 0.008706
4.747855 0.463836 0.008568
4.762133 0.378505 0.008767
4.825696 0.381531 0.008888
4.749267 0.427186 0.008644
4.997498 0.535946 0.008923
5.430549 0.826961 0.009207
5.131079 0.538725 0.009185
4.622674 0.430613 0.008384
4.168848 0.406189 0.007525
4.683939 0.425494 0.008517
4.475407 0.381904 0.008187
4.559408 0.389092 0.008341
4.459609 0.231476 0.008456
5.018053 0.966556 0.008103
4.544902 0.274816 0.008540
4.689250 0.362342 0.008654
4.364429 0.386447 0.007956
4.829123 0.390999 0.008876
4.819444 0.386712 0.008865
4.607646 0.398698 0.008418
4.591764 0.373773 0.008436
4.589636 0.371916 0.008435
4.869556 0.493556 0.008752
5.005369 0.521761 0.008967
4.726278 0.555868 0.008341
4.970199 0.588364 0.008764
4.831574 0.485273 0.008693
4.739711 0.280507 0.008918
4.378330 0.313305 0.008130
4.444092 0.531264 0.007826
4.432006 0.382022 0.008100
4.843597 0.545737 0.008596
4.464363 0.526003 0.007877
4.585181 0.426896 0.008317
5.002569 0.609243 0.008787
4.842527 0.399027 0.008887
4.691887 0.473284 0.008437
4.584050 0.494901 0.008178
4.652685 0.363675 0.008578
4.457932 0.423399 0.008069
4.569535 0.456507 0.008226
4.412887 0.411083 0.008004
4.294825 0.456066 0.007678
4.692985 0.484385 0.008417
4.535152 0.436199 0.008198
4.990616 0.487902 0.009005
4.716496 0.443795 0.008545
4.526103 0.342976 0.008366
4.369453 0.513570 0.007712
4.760658 0.495492 0.008530
4.693262 0.523884 0.008339
4.405634 0.493776 0.007824
4.837372 0.538549 0.008598
5.154094 0.585900 0.009136
4.803421 0.452294 0.008702
4.859057 0.532840 0.008652
4.649107 0.470256 0.008358
4.574046 0.448316 0.008251
4.568320 0.460520 0.008216
4.874504 0.671042 0.008407
4.775452 0.642409 0.008266
5.046343 0.685265 0.008722
4.673255 0.497154 0.008352
4.702310 0.500151 0.008404
4.238034 0.600729 0.007275
4.821530 0.716726 0.008210
4.405855 0.575914 0.007660
4.595325 0.581848 0.008027
4.590458 0.573137 0.008035
4.454687 0.463488 0.007982
4.291122 0.374950 0.007832
4.873939 0.502706 0.008742
4.809033 0.568392 0.008481
4.780976 0.622632 0.008317
4.938558 0.639515 0.008598
4.865835 0.580676 0.008570
4.531569 0.601530 0.007860
4.480820 0.538513 0.007885
4.537312 0.475209 0.008124
4.717966 0.548080 0.008340
4.880630 0.546706 0.008668
4.643440 0.545381 0.008196
4.553627 0.611978 0.007883
4.769279 0.526369 0.008486
4.875476 0.638147 0.008475
4.699619 0.464619 0.008470
4.151457 0.347425 0.007608
4.420746 0.336938 0.008168
5.284844 0.731300 0.009107
4.916442 0.793351 0.008246
4.642912 0.613693 0.008058
4.781998 0.742641 0.008079
4.743226 0.735084 0.008016
4.833740 0.672301 0.008323
5.117772 0.679570 0.008876
4.266542 0.404671 0.007724
5.172405 0.851328 0.008642
4.367011 0.521127 0.007692
4.991162 0.865168 0.008252
4.927933 0.653346 0.008549
4.657562 0.630011 0.008055
5.175056 0.794449 0.008761
5.050025 1.031702 0.008037
5.104765 0.952322 0.008305
5.024090 0.944616 0.008159
5.061563 0.774519 0.008574
5.107518 0.667618 0.008880
4.764338 0.833572 0.007862
5.074753 0.822330 0.008505
4.543698 0.821990 0.007443
4.739686 0.741228 0.007997
5.093124 0.820803 0.008545
5.115279 0.705142 0.008820
4.933722 0.834819 0.008198
5.088347 0.731928 0.008713
4.978660 0.780104 0.008397
4.549502 0.762461 0.007574
4.918319 0.724627 0.008387
4.707947 0.702062 0.008012
4.699324 0.695852 0.008007
4.602934 0.870195 0.007465
4.499782 0.741653 0.007516
5.007492 0.814043 0.008387
4.907443 0.894767 0.008025
5.054554 0.866626 0.008376
4.797522 0.801874 0.007991
4.884459 0.826363 0.008116
4.844780 0.841898 0.008006
4.849368 0.647506 0.008404
5.089769 0.875607 0.008428
4.897775 0.776669 0.008242
5.088079 0.848612 0.008479
5.344225 0.937966 0.008813
