Training loss				    | Validation loss
D_loss   D_r_loss D_f_loss 	    | D_loss   D_r_loss D_f_loss
283.699829 1.140797 566.258850  | 6.621432 1.018632 0.000087
43.431953 14.970639 71.893265  	| 7.938427 1.222370 0.011032
15.939296 7.939509 23.939083  	| 9.012295 1.386958 0.031270
9.500183 16.006491 2.993876  	| 7.060134 1.086214 0.001770
1.331055 1.787110 0.875000  	| 6.764153 1.040635 0.000401
1.082484 1.112093 1.052875  	| 6.607346 1.016497 0.000067
0.836960 0.855649 0.818270  	| 6.654065 1.023673 0.000137
1.035694 0.828040 1.243348  	| 6.670126 1.026219 0.000168
1.266809 1.344535 1.189082  	| 6.831631 1.051173 0.000632
1.246362 1.062773 1.429950  	| 6.709258 1.032341 0.000250
