Training loss				    | Validation loss
D_loss   D_r_loss D_f_loss 	    | D_loss   D_r_loss D_f_loss
0.371297 0.198998 0.543596  	| 42.766131 26.961207 58.571055
0.503620 0.409439 0.597800  	| 36.932839 22.340446 51.525233
0.918619 0.940398 0.896840  	| 108.731554 83.854776 133.608331
0.552896 0.588378 0.517414  	| 260.145625 222.979813 297.311437
0.832364 0.902277 0.762450  	| 769.479907 720.454344 818.505470
0.352725 0.348584 0.356867  	| 515.676283 484.809829 546.542736
0.456402 0.634157 0.278647  	| 31184.658634 31768.146194 30601.171074
0.356054 0.356309 0.355799  	| 11140.528558 11614.974291 10666.082825
0.397783 0.528285 0.267281  	| 8913.004035 12134.155088 5691.852982
0.296025 0.234744 0.357307  	| 26.168085 45.785922 6.550248
