Training loss				    | Validation loss
D_loss   D_r_loss D_f_loss 	    | D_loss   D_r_loss D_f_loss
0.795334 0.386840 1.203827  	| 4.984372 9.656625 0.312118
1.659529 1.659720 1.659339  	| 8.392724 15.027240 1.758207
1.274318 1.795774 0.752863  	| 7.033633 12.976366 1.090900
0.761162 0.962178 0.560146  	| 3.690668 7.355002 0.026333
0.609177 0.619310 0.599044  	| 3.438626 6.871012 0.006240
0.547487 0.619760 0.475214  	| 4.080400 8.079041 0.081759
0.483297 0.471504 0.495090  	| 2.926699 5.835716 0.017682
0.426207 0.417807 0.434607  	| 10.697646 18.421514 2.973779
0.441787 0.487257 0.396317  	| 14.789533 24.084409 5.494657
0.366402 0.388168 0.344635  	| 2.004493 0.516647 3.492339
