Training loss				    | Validation loss
G_loss   G_D_loss G_l1_loss	    | G_loss   G_D_loss G_l1_loss
1.415955 0.359622 0.010563  	| 31.453965 26.068300 0.053857
1.875107 0.885703 0.009894  	| 26.728618 21.444507 0.052841
1.898659 0.877517 0.010211  	| 86.351883 81.203145 0.051487
1.468275 0.557630 0.009106  	| 220.952001 215.940840 0.050112
1.472681 0.607362 0.008653  	| 684.159494 679.367060 0.047924
1.328663 0.368892 0.009598  	| 438.894847 434.212300 0.046825
1.332212 0.431964 0.009002  	| 29721.233912 29716.649429 0.045845
1.284189 0.446589 0.008376  	| 10152.060343 10147.533432 0.045269
1.401649 0.527187 0.008745  	| 5334.840021 5330.360058 0.044800
1.312000 0.517552 0.007944  	| 4.497494 0.047529 0.044500
