Training loss				    | Validation loss
G_loss   G_D_loss G_l1_loss	    | G_loss   G_D_loss G_l1_loss
1.797271 0.773270 0.010240  	| 14.998058 9.660782 0.053373
2.638602 1.613674 0.010249  	| 20.224412 15.019338 0.052051
1.397427 0.446310 0.009511  	| 17.956520 12.916363 0.050402
1.613184 0.669002 0.009442  	| 12.238974 7.353755 0.048852
1.578998 0.607687 0.009713  	| 11.660469 6.902246 0.047582
1.622734 0.669205 0.009535  	| 12.711159 8.037979 0.046732
1.366359 0.474097 0.008923  	| 10.449894 5.840199 0.046097
1.410719 0.527191 0.008835  	| 22.807061 18.261696 0.045454
1.365510 0.500576 0.008649  	| 28.442865 23.943602 0.044993
1.291646 0.433706 0.008579  	| 5.053510 0.555123 0.044984
