Training loss				    | Validation loss
G_loss   G_D_loss G_l1_loss	    | G_loss   G_D_loss G_l1_loss
27.856445 26.584442 0.012720  	| 12.762701 6.621479 0.061412
31.027014 29.919825 0.011072  	| 13.849773 7.933494 0.059163
22.232018 21.248285 0.009837  	| 14.463571 9.001478 0.054621
1.899202 1.029907 0.008693  	| 12.548968 7.058383 0.054906
1.871709 0.855819 0.010159  	| 12.276342 6.762829 0.055135
1.827714 1.082520 0.007452  	| 12.105944 6.606870 0.054991
2.136791 0.932763 0.012040  	| 12.050720 6.653385 0.053973
2.711630 1.700320 0.010113  	| 12.110500 6.669320 0.054412
2.776442 1.495305 0.012811  	| 12.276665 6.830238 0.054464
2.493413 1.581720 0.009117  	| 12.799845 6.706290 0.060936
